0.0010180473327636719
0.011533975601196289
0.02236199378967285
0.032968997955322266
0.043348073959350586
0.053991079330444336
0.0668799877166748
0.07796192169189453
0.09081602096557617
0.10290002822875977
0.11355280876159668
0.12440800666809082
0.13796782493591309
0.1492471694946289
0.16091489791870117
0.17197680473327637
0.1844310760498047
0.19547009468078613
0.2065720558166504
0.21770787239074707
0.2290050983428955
0.24022293090820312
0.25160717964172363
0.2631969451904297
0.27693796157836914
0.28760194778442383
0.2987062931060791
0.3100459575653076
0.32059407234191895
0.33185482025146484
0.34416818618774414
0.35529303550720215
0.36905813217163086
0.3808572292327881
0.3933529853820801
0.4047739505767822
0.4159207344055176
0.4290308952331543
0.440997838973999
0.4520449638366699
0.464216947555542
0.4753549098968506
0.4863452911376953
0.49745702743530273
0.5080859661102295
0.5196249485015869
0.5306570529937744
0.5422251224517822
0.5536398887634277
0.5674269199371338
0.5783560276031494
0.5893769264221191
0.5998799800872803
0.6109960079193115
0.6239960193634033
0.6377029418945312
0.6509099006652832
0.6626832485198975
0.6739859580993652
0.6848900318145752
0.6959588527679443
0.7063202857971191
0.7191798686981201
0.7305889129638672
0.7423858642578125
0.7561049461364746
0.7698202133178711
0.7806100845336914
0.791558027267456
0.8039989471435547
0.815575122833252
0.826589822769165
0.8393638134002686
0.850330114364624
0.8618931770324707
0.8729410171508789
0.8839669227600098
0.8967471122741699
0.9073169231414795
0.9182889461517334
0.9310431480407715
0.9447569847106934
0.9553472995758057
0.9684443473815918
0.9791429042816162
0.9921760559082031
1.0042240619659424
1.0172181129455566
1.028853178024292
1.0402600765228271
1.0513720512390137
1.0628001689910889
1.0741360187530518
1.086014986038208
1.0986390113830566
1.1113841533660889
1.1230452060699463
1.1345701217651367
1.1473751068115234
1.160351037979126
1.1712219715118408
1.1841750144958496
1.1953482627868652
1.2064080238342285
1.2181730270385742
1.2290048599243164
1.2427971363067627
1.255951166152954
1.2680981159210205
1.2802040576934814
1.292862892150879
1.3039088249206543
1.3146748542785645
1.3263139724731445
1.3371257781982422
1.3505520820617676
1.3623237609863281
1.3740899562835693
1.3852458000183105
1.3964557647705078
1.407491683959961
1.4180817604064941
1.4308061599731445
1.4424190521240234
1.4540820121765137
1.4673731327056885
1.4797759056091309
1.4910781383514404
1.5015788078308105
1.5142059326171875
1.5263340473175049
1.5378820896148682
1.5489230155944824
1.5599689483642578
1.5711441040039062
1.5817580223083496
1.5929059982299805
1.605787992477417
1.6170449256896973
1.6287963390350342
1.6401910781860352
1.6514129638671875
1.6624510288238525
1.6745917797088623
1.685582160949707
1.697033166885376
1.708456039428711
1.7201452255249023
1.7316641807556152
1.7430510520935059
1.7562448978424072
1.7675790786743164
1.7796118259429932
1.7920918464660645
1.8048949241638184
1.8159420490264893
1.827019214630127
1.8380348682403564
1.8496119976043701
1.8610341548919678
1.8716158866882324
1.8827273845672607
1.8951730728149414
1.908106803894043
1.9190969467163086
1.9328858852386475
1.9455091953277588
1.958353042602539
1.9705510139465332
1.9814918041229248
1.994448184967041
2.0048511028289795
2.0158119201660156
2.028111219406128
2.039149761199951
2.052947759628296
2.0644850730895996
2.0770468711853027
2.088099241256714
2.0985400676727295
2.1099658012390137
2.121267080307007
2.1338839530944824
2.1474881172180176
2.1602847576141357
2.1720449924468994
2.184924840927124
2.196016788482666
2.209296941757202
2.220613956451416
2.2324838638305664
2.244502067565918
2.2583022117614746
2.2695701122283936
2.2824978828430176
2.293566942214966
2.3061130046844482
2.317596912384033
2.331068992614746
2.3447318077087402
2.358003854751587
2.370783805847168
2.382716178894043
2.394402027130127
2.4070279598236084
2.4188148975372314
2.4298720359802246
2.440847873687744
2.453550100326538
2.4648239612579346
2.4753010272979736
2.485750913619995
2.498443126678467
2.5099339485168457
2.5208799839019775
2.5327019691467285
2.544402837753296
2.556617021560669
2.567633867263794
2.5786139965057373
2.5907368659973145
2.602482795715332
2.6152923107147217
2.6263720989227295
2.6378471851348877
2.650092124938965
2.661517858505249
2.6744682788848877
2.6869561672210693
2.698594808578491
2.710263967514038
2.7226738929748535
2.73576021194458
2.747411012649536
2.760852813720703
2.773836851119995
2.7848939895629883
2.797553777694702
2.8090732097625732
2.8210041522979736
2.8320140838623047
2.844059705734253
2.85658597946167
2.8696930408477783
2.880223035812378
2.8908908367156982
2.9029929637908936
2.91386079788208
2.9260337352752686
2.937329053878784
2.948111057281494
2.959975004196167
2.9705560207366943
2.981698989868164
2.9946749210357666
3.0065019130706787
3.019313335418701
3.0306601524353027
3.042285203933716
3.0554702281951904
3.066433906555176
3.077409029006958
3.089167833328247
3.1007943153381348
3.111802101135254
3.12320876121521
3.1359219551086426
3.1481449604034424
3.159785032272339
3.1717629432678223
3.184584140777588
3.196906089782715
3.20954966545105
3.2212231159210205
3.2323668003082275
3.24458384513855
3.2570571899414062
3.270150899887085
3.280860185623169
3.2919671535491943
3.303966999053955
3.314862012863159
3.326446771621704
3.337960958480835
3.349271059036255
3.3619468212127686
3.3728229999542236
3.3839218616485596
3.3953778743743896
3.407432794570923
3.4201130867004395
3.4317543506622314
3.44343900680542
3.454751968383789
3.4655110836029053
3.4779882431030273
3.4889941215515137
3.501169204711914
3.5125482082366943
3.525455951690674
3.539236068725586
3.5527942180633545
3.563652753829956
3.5746490955352783
3.585110902786255
3.5960991382598877
3.607130289077759
3.6183300018310547
3.6293740272521973
3.6406352519989014
3.651718854904175
3.664827823638916
3.677746057510376
3.6886041164398193
3.700416088104248
3.7120611667633057
3.7253670692443848
3.738185167312622
3.750615119934082
3.76169490814209
3.774646759033203
3.7855730056762695
3.798454999923706
3.8094189167022705
3.8232131004333496
3.8371288776397705
3.848752975463867
3.8598110675811768
3.8705239295959473
3.8833630084991455
3.8949410915374756
3.9078640937805176
3.919218063354492
3.930337905883789
3.9411239624023438
3.9526360034942627
3.9652318954467773
3.9760382175445557
3.9869980812072754
3.9980571269989014
4.008394002914429
4.019179821014404
4.03011417388916
4.0416340827941895
4.053177833557129
4.064267873764038
4.077173948287964
4.089307069778442
4.10031795501709
4.111931324005127
4.123272895812988
4.133944034576416
4.147219896316528
4.159785032272339
4.171978235244751
4.183061838150024
4.194093942642212
4.205352067947388
4.216691017150879
4.230194091796875
4.243005990982056
4.254876136779785
4.266733169555664
4.2787840366363525
4.28992486000061
4.302031755447388
4.313878059387207
4.327401876449585
4.340226173400879
4.351635217666626
4.363100051879883
4.3740668296813965
4.386752128601074
4.397751092910767
4.409250974655151
4.421324014663696
4.432949066162109
4.444872856140137
4.457906007766724
4.469430208206177
4.482342958450317
4.4937567710876465
4.504583358764648
4.516569137573242
4.527656078338623
4.53820013999939
4.550230026245117
4.561162233352661
4.572009325027466
4.583122253417969
4.59427285194397
4.6051599979400635
4.619005918502808
4.630178928375244
4.641564846038818
4.652780055999756
4.66566276550293
4.678602933883667
4.690881013870239
4.701627731323242
4.713099956512451
4.7255918979644775
4.739025831222534
4.752859830856323
4.763304948806763
4.774665117263794
4.785741806030273
4.795987844467163
4.80779767036438
4.818670034408569
4.8305299282073975
4.843239068984985
4.854540824890137
4.867520093917847
4.8786211013793945
4.890156030654907
4.902861833572388
4.914308786392212
4.927864074707031
4.940125942230225
4.9517600536346436
4.962747812271118
4.975717782974243
4.988719940185547
5.000897169113159
5.011933326721191
5.023640871047974
5.034981727600098
5.04856014251709
5.061158895492554
5.072037220001221
5.083179950714111
5.096102952957153
5.1094958782196045
5.120979070663452
5.133304119110107
5.144937038421631
5.1569600105285645
5.167565107345581
5.179983854293823
5.190943956375122
5.202254056930542
5.2138800621032715
5.226655006408691
5.237956762313843
5.249876022338867
5.2609381675720215
5.271875858306885
5.283160209655762
5.295492887496948
5.307411193847656
5.319164037704468
5.331257104873657
5.343011856079102
5.3543689250946045
5.365339756011963
5.378048896789551
5.389063119888306
5.399573087692261
5.411562204360962
5.423417091369629
5.436115026473999
5.4474098682403564
5.458331108093262
5.4688193798065186
5.479907989501953
5.491039037704468
5.501850128173828
5.512919664382935
5.5246100425720215
5.5384840965271
5.549674987792969
5.561169862747192
5.572051048278809
5.58355712890625
5.596397161483765
5.60945987701416
5.621139049530029
5.632573127746582
5.644189834594727
5.654797077178955
5.6660192012786865
5.678919076919556
5.691230058670044
5.702152967453003
5.7150349617004395
5.726792812347412
5.73855996131897
5.751652240753174
5.76464581489563
5.775670051574707
5.786476135253906
5.799074172973633
5.810098886489868
5.821640968322754
5.835381984710693
5.84709095954895
5.86020040512085
5.873142957687378
5.884067058563232
5.896526098251343
5.908872842788696
5.922386169433594
5.935926914215088
5.947764873504639
5.959320783615112
5.970608949661255
5.982071876525879
5.99599814414978
6.00881814956665
6.0219810009002686
6.03303599357605
6.044916868209839
6.05606484413147
6.066549062728882
6.078973054885864
6.089388132095337
6.102778911590576
6.116026878356934
6.129554033279419
6.142001152038574
6.154968976974487
6.165933132171631
6.178260803222656
6.189395189285278
6.200811147689819
6.213197231292725
6.226713180541992
6.237905263900757
6.251124143600464
6.262040853500366
6.273183107376099
6.285953760147095
6.2976319789886475
6.309315919876099
6.321644067764282
6.3330769538879395
6.3443262577056885
6.357452630996704
6.370345830917358
6.381071090698242
6.392989873886108
6.404402256011963
6.417064905166626
6.428294897079468
6.442106008529663
6.454514026641846
6.465532064437866
6.476114988327026
6.486676931381226
6.497949838638306
6.509037971496582
6.520891904830933
6.532867908477783
6.543415069580078
6.553854942321777
6.5667009353637695
6.577516078948975
6.588963985443115
6.602409362792969
6.615927219390869
6.62719988822937
6.638597011566162
6.651855945587158
6.662760257720947
6.673558950424194
6.6840291023254395
6.695256233215332
6.7086567878723145
6.7215049266815186
6.733494997024536
6.7473530769348145
6.7579731941223145
6.769033193588257
6.781452894210815
6.793302059173584
6.804334878921509
6.815551042556763
6.827124118804932
6.8408591747283936
6.851669073104858
6.8641579151153564
6.8752241134643555
6.886106967926025
6.896957159042358
6.909146070480347
6.922242164611816
6.933122158050537
6.946476221084595
6.957318305969238
6.968943119049072
6.981939077377319
6.992789030075073
7.00436806678772
7.015150785446167
7.026826858520508
7.0380189418792725
7.051131248474121
7.062304973602295
7.073284149169922
7.083926200866699
7.095546007156372
7.108525991439819
7.120010852813721
7.131925106048584
7.144029855728149
7.154703140258789
7.167733907699585
7.178513288497925
7.191013813018799
7.202940940856934
7.214747905731201
7.226489782333374
7.240295886993408
7.253257989883423
7.2643210887908936
7.277264833450317
7.288281202316284
7.299514055252075
7.3109729290008545
7.322345972061157
7.333884954452515
7.346913576126099
7.3595497608184814
7.370532989501953
7.381407022476196
7.3936240673065186
7.405228853225708
7.41824197769165
7.429143190383911
7.440911054611206
7.4517786502838135
7.462848663330078
7.475512742996216
7.486699104309082
7.497931003570557
7.508976697921753
7.5203468799591064
7.534013032913208
7.545553922653198
7.5585432052612305
7.571566104888916
7.582575082778931
7.593254089355469
7.6045308113098145
7.61643385887146
7.628476858139038
7.641210079193115
7.654413938522339
7.6650919914245605
7.676251173019409
7.689021825790405
7.7004289627075195
7.711543083190918
7.72383189201355
7.735149145126343
7.745975017547607
7.756527900695801
7.767706871032715
7.778836011886597
7.790564775466919
7.802232027053833
7.815282821655273
7.82710599899292
7.8384480476379395
7.850445985794067
7.86342978477478
7.874515771865845
7.885622024536133
7.89710807800293
7.908188819885254
7.920099973678589
7.93358302116394
7.9462668895721436
7.9590911865234375
7.971314191818237
7.982455015182495
7.99602198600769
8.007226705551147
8.018924951553345
8.031328916549683
8.042284965515137
8.053149938583374
8.064271926879883
8.077080011367798
8.088648080825806
8.099464178085327
8.111041069030762
8.124900817871094
8.13629412651062
8.147049188613892
8.158066987991333
8.169135093688965
8.179578065872192
8.191972970962524
8.202975034713745
8.216528177261353
8.228118181228638
8.239659070968628
8.250399112701416
8.261350870132446
8.273844242095947
8.286583662033081
8.298927783966064
8.310616970062256
8.324260234832764
8.338068962097168
8.34961485862732
8.360613107681274
8.373015642166138
8.38402009010315
8.395879030227661
8.407032012939453
8.419007062911987
8.430502891540527
8.443166017532349
8.455761909484863
8.466880083084106
8.478027820587158
8.489021062850952
8.500797033309937
8.514305114746094
8.525688886642456
8.539367914199829
8.552337884902954
8.565237045288086
8.57637095451355
8.5880868434906
8.59985089302063
8.6130690574646
8.623999834060669
8.636783123016357
8.649760961532593
8.66183090209961
8.674724817276001
8.687342166900635
8.700881958007812
8.712498903274536
8.724005937576294
8.73517632484436
8.745683908462524
8.756840944290161
8.769711971282959
8.78193211555481
8.7936110496521
8.805253982543945
8.819054126739502
8.830687046051025
8.8438241481781
8.855232000350952
8.866189956665039
8.876816987991333
8.887427806854248
8.898858070373535
8.91066598892212
8.921785831451416
8.933319091796875
8.944096088409424
8.956621885299683
8.968018770217896
8.980676889419556
8.992975950241089
9.004068851470947
9.015674829483032
9.029524803161621
9.042271137237549
9.05314588546753
9.065603971481323
9.076677083969116
9.089108943939209
9.100198984146118
9.111944913864136
9.123055934906006
9.134443044662476
9.146801948547363
9.15746784210205
9.17040491104126
9.183053970336914
9.19525408744812
9.20708703994751
9.218912124633789
9.23170018196106
9.24465298652649
9.2567880153656
9.26794695854187
9.279126167297363
9.290284156799316
9.30133581161499
9.315278768539429
9.328556060791016
9.339625120162964
9.350604772567749
9.362191915512085
9.375125169754028
9.387238025665283
9.398376941680908
9.409517049789429
9.420676708221436
9.432053089141846
9.443000078201294
9.455097913742065
9.467973947525024
9.480265855789185
9.49153995513916
9.502543210983276
9.514483213424683
9.526247024536133
9.539505958557129
9.552361011505127
9.564563989639282
9.575645923614502
9.587460994720459
9.59859299659729
9.610381126403809
9.622974157333374
9.635349035263062
9.647394895553589
9.658536911010742
9.669968843460083
9.6804940700531
9.693329095840454
9.704879760742188
9.718106031417847
9.729818105697632
9.742954969406128
9.754058122634888
9.764992952346802
9.777924060821533
9.78998613357544
9.801547765731812
9.813475847244263
9.82529902458191
9.83774995803833
9.848495244979858
9.860730171203613
9.873151302337646
9.885164022445679
9.89728307723999
9.911068201065063
9.922515869140625
9.935688972473145
9.946436882019043
9.957127094268799
9.967793226242065
9.978675127029419
9.990110874176025
10.001628875732422
10.012573003768921
10.024101257324219
10.034951210021973
10.046835899353027
10.058896780014038
10.069854021072388
10.081821203231812
10.09290099143982
10.103988885879517
10.115694999694824
10.126950025558472
10.139663934707642
10.150614023208618
10.161715984344482
10.174525022506714
10.187258958816528
10.199887037277222
10.211435079574585
10.22337007522583
10.234512090682983
10.245307922363281
10.257255792617798
10.27028775215149
10.281799793243408
10.295180082321167
10.306586980819702
10.319292783737183
10.330851078033447
10.341575145721436
10.353279113769531
10.364269971847534
10.377170085906982
10.390386819839478
10.403986930847168
10.417702913284302
10.429259061813354
10.4410080909729
10.45382809638977
10.464764833450317
10.475704193115234
10.489157915115356
10.500795364379883
10.512074947357178
10.523336172103882
10.534525156021118
10.54600477218628
10.558934926986694
10.57128095626831
10.582041025161743
10.59361481666565
10.604830980300903
10.616364002227783
10.629073143005371
10.642190933227539
10.653480052947998
10.664699792861938
10.675549983978271
10.687124967575073
10.700854063034058
10.711824178695679
10.723196268081665
10.736253023147583
10.747167110443115
10.758277177810669
10.769639730453491
10.780754327774048
10.794037103652954
10.805034875869751
10.81658387184143
10.827764987945557
10.838705778121948
10.851508140563965
10.862269878387451
10.873366117477417
10.885999917984009
10.897573232650757
10.909470796585083
10.921310186386108
10.933090686798096
10.943660974502563
10.954822778701782
10.967306852340698
10.978535890579224
10.990150928497314
11.001821994781494
11.015625953674316
11.02696704864502
11.037713766098022
11.049899578094482
11.061009883880615
11.07394814491272
11.084954738616943
11.096709966659546
11.108185052871704
11.119208097457886
11.130677938461304
11.141530752182007
11.152616024017334
11.163743019104004
11.175817966461182
11.187108993530273
11.19881010055542
11.21044397354126
11.221786737442017
11.234946012496948
11.245866060256958
11.258790969848633
11.26989197731018
11.28293490409851
11.294228792190552
11.306397914886475
11.318263053894043
11.331305027008057
11.343134880065918
11.355233907699585
11.366326093673706
11.377725839614868
11.39001989364624
11.403172969818115
11.414171934127808
11.425557851791382
11.437978982925415
11.450859069824219
11.463122844696045
11.475849151611328
11.487977981567383
11.49900507926941
11.510525941848755
11.524208068847656
11.535240173339844
11.545854091644287
11.55646800994873
11.567612171173096
11.579046249389648
11.591118812561035
11.603739261627197
11.617170095443726
11.62901496887207
11.639649868011475
11.650763034820557
11.661518812179565
11.672579050064087
11.684435844421387
11.695662021636963
11.709121704101562
11.722726106643677
11.734618186950684
11.747299909591675
11.758373975753784
11.771330118179321
11.782952070236206
11.794121980667114
11.805930852890015
11.817569971084595
11.828980922698975
11.839842081069946
11.851156949996948
11.863560914993286
11.876670837402344
11.888170003890991
11.90159797668457
11.91289210319519
11.92473816871643
11.937443971633911
11.950369119644165
11.961144924163818
11.972095966339111
11.983954906463623
11.995223045349121
12.007876873016357
12.021773099899292
12.032433986663818
12.043416738510132
12.05453610420227
12.06596302986145
12.076811075210571
12.088992834091187
12.100203037261963
11.882619142532349
11.895206212997437
11.905963897705078
11.918063879013062
11.929672002792358
11.942392110824585
11.953815698623657
11.964618921279907
11.97521710395813
11.9872567653656
11.999742031097412
12.010799169540405
12.02198314666748
12.033145189285278
12.043991804122925
12.05584192276001
12.066807985305786
12.077540874481201
12.088544130325317
12.099472999572754
12.112046003341675
12.123203039169312
12.135499000549316
12.146214008331299
12.157302141189575
12.168428182601929
12.17950987815857
12.19181203842163
12.2030668258667
12.214216232299805
12.226664066314697
12.237799882888794
12.24839186668396
12.25961184501648
12.271366357803345
12.282696008682251
12.293516159057617
12.304654836654663
12.315285205841064
12.325934171676636
12.336788892745972
12.34862208366394
12.359727144241333
12.372663974761963
12.38351583480835
12.393972396850586
12.40617299079895
12.417005062103271
12.428525924682617
12.44211196899414
12.45447826385498
12.465426921844482
12.476493835449219
12.488157033920288
12.501114130020142
12.513674974441528
12.524786949157715
12.53797721862793
12.549269914627075
12.560161113739014
12.573160886764526
12.586137771606445
12.597248077392578
12.608598709106445
12.620141983032227
12.633198976516724
12.64461374282837
12.655921936035156
12.667312860488892
12.678288221359253
12.689781904220581
12.701053142547607
12.71348524093628
12.727249145507812
12.738674879074097
12.749364852905273
12.760963916778564
12.77177906036377
12.78293514251709
12.794687986373901
12.805855989456177
12.818495035171509
12.829508066177368
12.841004133224487
12.852648973464966
12.863813161849976
12.875138998031616
12.88627314567566
12.897654056549072
12.911150932312012
12.924086093902588
12.93681788444519
12.949556350708008
12.96126103401184
12.973412275314331
12.984061002731323
12.996844053268433
13.008292198181152
13.019039869308472
13.032015085220337
13.045062065124512
13.056949138641357
13.067952156066895
13.079069375991821
13.090019702911377
13.101576805114746
13.112961053848267
13.12537693977356
13.137267112731934
13.150506973266602
13.161111831665039
13.172243118286133
13.182671070098877
13.194453954696655
13.205783128738403
13.216741800308228
13.228373050689697
13.239534139633179
13.250339984893799
13.261431694030762
13.273161888122559
13.284312963485718
13.295441150665283
13.306143999099731
13.31724500656128
13.328507900238037
13.339949131011963
13.351211071014404
13.36252737045288
13.372936010360718
13.383602857589722
13.394265174865723
13.405318021774292
13.418694972991943
13.430516958236694
13.443392038345337
13.454247236251831
13.465281963348389
13.478197813034058
13.488911151885986
13.502439975738525
13.514979124069214
13.52644395828247
13.537494897842407
13.548353910446167
13.559088945388794
13.571202039718628
13.582217931747437
13.59271502494812
13.603729963302612
13.61522889137268
13.626247882843018
13.637125253677368
13.648144960403442
13.658639192581177
13.671043872833252
13.683142185211182
13.694273948669434
13.705801963806152
13.71652102470398
13.72805666923523
13.741022825241089
13.751884698867798
13.76292610168457
13.775055170059204
13.785619020462036
13.799066066741943
13.810420989990234
13.8211829662323
13.831764936447144
13.844957113265991
13.855839967727661
13.867669820785522
13.878577947616577
13.889132022857666
13.900206804275513
13.913633823394775
13.926854133605957
13.940337181091309
13.952486038208008
13.963565111160278
13.97459101676941
13.985726833343506
13.99712586402893
14.009167909622192
14.020750045776367
14.031639099121094
14.042586088180542
14.055340051651001
14.065882921218872
14.078783988952637
14.090175151824951
14.10148286819458
14.112643718719482
14.124687910079956
14.137384176254272
14.148388862609863
14.161201000213623
14.172316074371338
14.18276309967041
14.194082975387573
14.205163717269897
14.215881824493408
14.22799301147461
14.238715887069702
14.251365184783936
14.262027978897095
14.273161888122559
14.28578805923462
14.29770803451538
14.309785842895508
14.32135796546936
14.334644079208374
14.347814083099365
14.359195947647095
14.37020492553711
14.380797863006592
14.393683195114136
14.405035018920898
14.416763305664062
14.427795171737671
14.439387798309326
14.450374126434326
14.460976123809814
14.472078800201416
14.48338794708252
14.496291875839233
14.50805401802063
14.52107286453247
14.534150838851929
14.54479193687439
14.556915044784546
14.569870948791504
14.581519842147827
14.592736005783081
14.604212999343872
14.617791891098022
14.631422996520996
14.643051862716675
14.653894901275635
14.665069818496704
14.677639245986938
14.68975305557251
14.700608968734741
14.712307214736938
14.723618030548096
14.735265970230103
14.746246099472046
14.757051944732666
14.76813793182373
14.77928113937378
14.7900869846344
14.800706148147583
14.812201976776123
14.823146104812622
14.836588144302368
14.847175121307373
14.858812093734741
14.870492935180664
14.881187677383423
14.894580841064453
14.90587067604065
14.918071985244751
14.929127216339111
14.940165996551514
14.953040838241577
14.963971853256226
14.975888967514038
14.988536834716797
15.000787019729614
15.014100074768066
15.02604603767395
15.036614894866943
15.047459840774536
15.059982776641846
15.071104049682617
15.082358121871948
15.093371868133545
15.104817867279053
15.115835905075073
15.12965202331543
15.140549182891846
15.152835130691528
15.163795948028564
15.175486326217651
15.186217069625854
15.19748830795288
15.209082126617432
15.220875024795532
15.232270240783691
15.242939233779907
15.253931999206543
15.266912937164307
15.278992891311646
15.291349172592163
15.302603006362915
15.31637692451477
15.327602863311768
15.338443994522095
15.349571704864502
15.36069107055664
15.37179708480835
15.38379192352295
15.396368980407715
15.407153129577637
15.41784119606018
15.431258201599121
15.44207215309143
15.452729225158691
15.4650239944458
15.476958990097046
15.489970922470093
15.501040935516357
15.512955904006958
15.524780035018921
15.535665035247803
15.547709941864014
15.558852910995483
15.571831703186035
15.582489728927612
15.593390226364136
15.604382276535034
15.61584997177124
15.626751899719238
15.638157844543457
15.649091958999634
15.66081714630127
15.671703100204468
15.684100151062012
15.695034980773926
15.70632004737854
15.717114925384521
15.730003118515015
15.74081802368164
15.75383973121643
15.764979839324951
15.776036739349365
15.788923978805542
15.801814794540405
15.815089225769043
15.827010154724121
15.840169906616211
15.851022720336914
15.862617015838623
15.87391209602356
15.88612174987793
15.897127866744995
15.909904956817627
15.921102046966553
15.932145833969116
15.943929195404053
15.954596996307373
15.967586040496826
15.97822904586792
15.989362955093384
16.000288009643555
16.011196851730347
16.02269697189331
16.033720016479492
16.04472780227661
16.05577278137207
16.068390130996704
16.079620838165283
16.09276270866394
16.104650020599365
16.115351915359497
16.128823041915894
16.139680862426758
16.150274991989136
16.160935878753662
16.173954963684082
16.185272216796875
16.196385860443115
16.20887303352356
16.220060110092163
16.23253107070923
16.243194818496704
16.25432825088501
16.265092134475708
16.275711059570312
16.287592887878418
16.29924774169922
16.31031608581543
16.321613073349
16.33230996131897
16.343448162078857
16.354577779769897
16.36576509475708
16.376502990722656
16.3878231048584
16.39925789833069
16.411072969436646
16.422882080078125
16.43451690673828
16.446861028671265
16.459674835205078
16.470855951309204
16.4823899269104
16.494839906692505
16.50772190093994
16.518639087677002
16.529375076293945
16.539814233779907
16.550290822982788
16.5621440410614
16.574954986572266
16.586278915405273
16.598117351531982
16.609410047531128
16.621066093444824
16.631829977035522
16.642763137817383
16.6550452709198
16.666375160217285
16.678144931793213
16.688875913619995
16.69964909553528
16.711496114730835
16.72414207458496
16.735047101974487
16.746548891067505
16.75803804397583
16.769123077392578
16.7810640335083
16.794313192367554
16.808151960372925
16.81929588317871
16.83208417892456
16.843183040618896
16.8561532497406
16.86849617958069
16.88004493713379
16.893781900405884
16.90711784362793
16.91860866546631
16.93069291114807
16.941977977752686
16.953033208847046
16.96440291404724
16.975773096084595
16.987111806869507
16.998549938201904
17.012025117874146
17.023982763290405
17.034785985946655
17.047477960586548
17.05863118171692
17.070010900497437
17.082573175430298
17.094439029693604
17.105787992477417
17.119062900543213
17.12997078895569
17.140949010849
17.153898239135742
17.164891958236694
17.177191972732544
17.18872904777527
17.201932907104492
17.2131609916687
17.22616410255432
17.236737966537476
17.249478816986084
17.2620210647583
17.2729070186615
17.283751010894775
17.29466700553894
17.305580854415894
17.316765785217285
17.328868865966797
17.339864015579224
17.352275848388672
17.36351203918457
17.37419605255127
17.386115789413452
17.39756488800049
17.409250020980835
17.42258095741272
17.43484115600586
17.446419954299927
17.457027912139893
17.467815160751343
17.47912096977234
17.490648984909058
17.50470495223999
17.517889976501465
17.528581857681274
17.539727210998535
17.5503830909729
17.561229944229126
17.573410034179688
17.584743976593018
17.59735679626465
17.60866403579712
17.61978793144226
17.630918741226196
17.64218306541443
17.65331721305847
17.66479730606079
17.67626690864563
17.68839192390442
17.70023012161255
17.711054801940918
17.722806930541992
17.733400106430054
17.74448275566101
17.756828784942627
17.76816415786743
17.781695127487183
17.795053958892822
17.806951761245728
17.820295095443726
11.78634786605835
11.797635078430176
11.807966947555542
11.818312883377075
11.828855991363525
11.839752197265625
11.85111117362976
11.862818002700806
11.8744797706604
11.886622905731201
11.899588108062744
11.911762237548828
11.922747135162354
11.934154987335205
11.945236206054688
11.957765817642212
11.968812704086304
11.979726791381836
11.991623878479004
12.00238585472107
12.013450145721436
12.025297164916992
12.036248922348022
12.047245025634766
12.058488130569458
12.070087909698486
12.0831458568573
12.093880891799927
12.10484766960144
12.116961002349854
12.128723859786987
12.140089273452759
12.151124238967896
12.162638902664185
12.17451786994934
12.185529708862305
12.198183059692383
12.210774898529053
12.223132848739624
12.233908891677856
12.247550964355469
12.261192798614502
12.272211074829102
12.282887935638428
12.29551100730896
12.307295083999634
12.318683862686157
12.33207392692566
12.343290090560913
12.354331016540527
12.365470886230469
12.378415822982788
12.38987398147583
12.402390956878662
12.413396835327148
12.42463207244873
12.43569803237915
12.448814153671265
12.460466146469116
12.47360610961914
12.485800981521606
12.496695041656494
12.507669925689697
12.518881797790527
12.53010106086731
12.541263818740845
12.554136037826538
12.565459966659546
12.578544855117798
12.589248657226562
12.602128028869629
12.615274906158447
12.628594875335693
12.640295267105103
12.651077032089233
12.662905931472778
12.67364501953125
12.686604022979736
12.697607040405273
12.70912480354309
12.720399141311646
12.73301100730896
12.744201898574829
12.754787921905518
12.766067028045654
12.776653051376343
12.787217140197754
12.797854900360107
12.808938026428223
12.820419788360596
12.831545114517212
12.84266209602356
12.853991031646729
12.866713762283325
12.877848863601685
12.888659954071045
12.899742126464844
12.912342071533203
12.925503969192505
12.936730861663818
12.949795961380005
12.961286306381226
12.97348403930664
12.984558820724487
12.996834993362427
13.007568836212158
13.021209001541138
13.032226085662842
13.043344020843506
13.053967714309692
13.06505298614502
13.075998067855835
13.088968992233276
13.09984016418457
13.111773014068604
13.123629808425903
13.136254787445068
13.147135972976685
13.160903215408325
13.171558856964111
13.182195901870728
13.194214105606079
13.205254077911377
13.21892786026001
13.23023009300232
13.241371154785156
13.253006935119629
13.263996839523315
13.276462078094482
13.287536144256592
13.298197031021118
13.310274124145508
13.321550846099854
13.33420705795288
13.345210790634155
13.358943939208984
13.36961317062378
13.382299184799194
13.39342212677002
13.404429197311401
13.41661286354065
13.42978811264038
13.44133186340332
13.452622652053833
13.463682889938354
13.474166870117188
13.48518705368042
13.497259140014648
13.507866859436035
13.519124269485474
13.530172109603882
13.541121006011963
13.552913188934326
13.564336776733398
13.575347900390625
13.58644413948059
13.59928584098816
13.609743118286133
13.620877981185913
13.631974935531616
13.645586252212524
13.657691717147827
13.668508052825928
13.67936110496521
13.691941976547241
13.704568862915039
13.716121912002563
13.72936224937439
13.74021291732788
13.751836776733398
13.76264500617981
13.773558855056763
13.784662246704102
13.797033786773682
13.808619022369385
13.820288181304932
13.831561088562012
13.844900846481323
13.856134176254272
13.866902112960815
13.878352165222168
13.891057252883911
13.902409076690674
13.913254261016846
13.924654960632324
13.93524718284607
13.946669101715088
13.95775294303894
13.968225955963135
13.979400873184204
13.989989280700684
14.001177310943604
14.013030052185059
14.025870084762573
14.036715984344482
14.047587156295776
14.058588981628418
14.071515798568726
14.083544969558716
14.09564208984375
14.106926202774048
14.118360996246338
14.130340814590454
14.141621112823486
14.153495073318481
14.166126728057861
14.177145004272461
14.188250064849854
14.198951005935669
14.210805892944336
14.222109079360962
14.233031272888184
14.243956804275513
14.256318092346191
14.267910957336426
14.278554201126099
14.290874242782593
14.302454948425293
14.315074920654297
14.32809591293335
14.339339017868042
14.35053014755249
14.361297845840454
14.374159097671509
14.386818170547485
14.397316217422485
14.408284902572632
14.41947317123413
14.432325839996338
14.443620920181274
14.45672607421875
14.467659950256348
14.479051113128662
14.49126672744751
14.50211501121521
14.513477087020874
14.527160882949829
14.53871202468872
14.549857139587402
14.560784816741943
14.573639869689941
14.585662126541138
14.59830093383789
14.609732151031494
14.6211519241333
14.632416009902954
14.64385175704956
14.654657125473022
14.665561199188232
14.676898002624512
14.688034057617188
14.698871850967407
14.710311889648438
14.722113609313965
14.734914064407349
14.745759963989258
14.756909847259521
14.76737093925476
14.778477668762207
14.789667129516602
14.800231218338013
14.812625885009766
14.826066732406616
14.837095975875854
14.850055932998657
14.862908840179443
14.87478494644165
14.886945962905884
14.899135112762451
14.911422967910767
14.92291784286499
14.93663501739502
14.949063062667847
14.96193814277649
14.973826885223389
14.984850883483887
14.995861053466797
15.007098197937012
15.018102169036865
15.029558897018433
15.042176008224487
15.052860975265503
15.064109802246094
15.07547903060913
15.086893081665039
15.09748101234436
15.11069107055664
15.121737241744995
15.132930040359497
15.14446473121643
15.156591892242432
15.167229890823364
15.179761171340942
15.192707061767578
15.20436716079712
15.218017101287842
15.229600191116333
15.240544080734253
15.251190185546875
15.261749029159546
15.27311396598816
15.284183263778687
15.294925689697266
15.307309865951538
15.320629596710205
15.332064628601074
15.344793796539307
15.355472803115845
15.366604089736938
15.378252029418945
15.389430046081543
15.40116000175476
15.412339210510254
15.42274785041809
15.436012983322144
15.447005987167358
15.459358930587769
15.470409154891968
15.483261108398438
15.494080066680908
15.50767207145691
15.521154880523682
15.53491997718811
15.548072099685669
15.560697793960571
15.571612119674683
15.5836341381073
15.594353199005127
15.605893850326538
15.617748975753784
15.62880277633667
15.641638994216919
15.652338743209839
15.663254976272583
15.673918962478638
15.684722900390625
15.695286989212036
15.706113815307617
15.716943264007568
15.727473020553589
15.740381956100464
15.750952959060669
15.761571645736694
15.772563934326172
15.782904148101807
15.794034957885742
15.805742025375366
15.81660509109497
15.828130960464478
15.839302062988281
15.852296113967896
15.863685846328735
15.876734972000122
15.887623310089111
15.899232864379883
15.909921169281006
15.920815229415894
15.93253469467163
15.943392992019653
15.955159902572632
15.967615127563477
15.978716135025024
15.989744186401367
16.00152087211609
16.012391090393066
16.025967836380005
16.03774404525757
16.050297021865845
16.06308674812317
16.074427127838135
16.085542917251587
16.098690032958984
16.11221694946289
16.12442111968994
16.135793924331665
16.146793127059937
16.157795906066895
16.170583724975586
16.18212914466858
16.193265199661255
16.20650291442871
16.218664169311523
16.230133771896362
16.24191403388977
16.252721071243286
16.264832973480225
16.276010990142822
16.288935899734497
16.300731897354126
16.31431007385254
16.32767105102539
16.33940100669861
16.35031509399414
16.36116886138916
16.372241973876953
16.38296413421631
16.39517092704773
16.40829300880432
16.419820070266724
16.430673837661743
16.441848039627075
16.45231795310974
16.462893962860107
16.47390604019165
16.486665964126587
16.49741268157959
16.50931406021118
16.520280838012695
16.53161907196045
16.543758869171143
16.554270029067993
16.565345764160156
16.577802181243896
16.588320016860962
16.60005497932434
16.61111307144165
16.624535083770752
16.63569927215576
16.646843910217285
16.66022801399231
16.671581983566284
16.682853937149048
16.69408082962036
16.70490527153015
16.717927932739258
16.72899603843689
16.740041255950928
16.750689029693604
16.761169910430908
16.772369861602783
16.7845401763916
16.79536509513855
16.80661702156067
16.818761110305786
16.829582929611206
16.842616081237793
16.853960037231445
16.866347074508667
16.87749719619751
16.88805103302002
16.89950680732727
16.911903381347656
16.92466902732849
16.93560814857483
16.946444749832153
16.95745015144348
16.96952509880066
16.981733798980713
16.9935359954834
17.006520748138428
17.017405033111572
17.028658151626587
17.040190935134888
17.050862789154053
17.062886953353882
17.07550811767578
17.08787512779236
17.0993070602417
17.111129999160767
17.12295413017273
17.1340491771698
17.14537811279297
17.156450033187866
17.16798996925354
17.179084062576294
17.189939975738525
17.203691720962524
17.21453619003296
17.22527003288269
17.238200902938843
17.24925708770752
17.260345935821533
17.271117210388184
17.282113075256348
17.2934148311615
17.305031061172485
17.31631898880005
17.328970909118652
17.339566946029663
17.35068702697754
17.363542079925537
17.375263929367065
17.386952877044678
17.39808702468872
17.41131901741028
17.421972036361694
17.433588981628418
17.44563388824463
17.458764791488647
17.46930480003357
17.48070216178894
17.49298906326294
17.504065990447998
17.515251874923706
17.527639865875244
17.538328886032104
17.55031394958496
17.562775135040283
17.57436513900757
17.585833072662354
17.596725940704346
17.60820770263672
17.61953616142273
17.63105607032776
17.64219307899475
17.653460025787354
17.66456127166748
17.675559759140015
17.6868999004364
17.697834730148315
17.708561182022095
17.720650911331177
6.02099084854126
6.031926870346069
6.043038845062256
6.055664777755737
6.067532062530518
6.079545021057129
6.092146158218384
6.104497909545898
6.1174211502075195
6.128667116165161
6.141473054885864
6.153898239135742
6.165279865264893
6.177484035491943
6.18870997428894
6.19951605796814
6.211264133453369
6.222599029541016
6.233590126037598
6.245971918106079
6.257033348083496
6.26855206489563
6.281368017196655
6.29430079460144
6.306314945220947
6.318044900894165
6.331001043319702
6.342635154724121
6.353629112243652
6.364175796508789
6.377313137054443
6.388887166976929
6.401200771331787
6.412791013717651
6.424971103668213
6.435525894165039
6.446451187133789
6.458695888519287
6.4701361656188965
6.482035160064697
6.494355201721191
6.5076940059661865
6.518885850906372
6.529821872711182
6.542350769042969
6.5534069538116455
6.565979242324829
6.577208042144775
6.590264081954956
6.601637125015259
6.612533092498779
6.625490188598633
6.63866400718689
6.649784803390503
6.662682056427002
6.674213171005249
6.685214042663574
6.697538137435913
6.708618879318237
6.7215259075164795
6.732343912124634
6.745448112487793
6.757874250411987
6.771322965621948
6.78240180015564
6.793849945068359
6.80568528175354
6.818882942199707
6.830784797668457
6.841908931732178
6.8531718254089355
6.8638389110565186
6.874447822570801
6.885613203048706
6.897483825683594
6.909147262573242
6.9214348793029785
6.9330151081085205
6.944090843200684
6.956503868103027
6.9697630405426025
6.980912923812866
6.994412660598755
7.00546932220459
7.016710042953491
7.029055118560791
7.03955602645874
7.0508129596710205
7.063277959823608
7.076371908187866
7.0876710414886475
7.100666046142578
7.111760854721069
7.1253461837768555
7.136416912078857
7.147394180297852
7.158681869506836
7.171846151351929
7.184855222702026
7.1960670948028564
7.2084667682647705
7.22048807144165
7.232207775115967
7.242753982543945
7.2538979053497314
7.2654969692230225
7.276530981063843
7.29033088684082
7.301981210708618
7.315274953842163
7.328308820724487
7.339846134185791
7.350488185882568
7.361894845962524
7.375547885894775
7.3894171714782715
7.400856256484985
7.411783933639526
7.422767877578735
7.43419623374939
7.446515321731567
7.458352088928223
7.469573020935059
7.481611013412476
7.4937920570373535
7.504925966262817
7.515807867050171
7.526739835739136
7.537596940994263
7.548090934753418
7.559412956237793
7.5711140632629395
7.584715127944946
7.595966815948486
7.609699964523315
7.620609760284424
7.633569955825806
7.644298076629639
7.654792070388794
7.665814638137817
7.678032159805298
7.6890339851379395
7.702822208404541
7.714469909667969
7.726604700088501
7.73749303817749
7.748982906341553
7.759810924530029
7.771885871887207
7.783376216888428
7.794565200805664
7.805968999862671
7.816608190536499
7.829620838165283
7.84203577041626
7.8525450229644775
7.8641088008880615
7.875619888305664
7.888921022415161
7.8998637199401855
7.910513877868652
7.921209812164307
7.93314003944397
7.944252967834473
7.954777956008911
7.966506004333496
7.977725028991699
7.9889609813690186
8.000667810440063
8.011742115020752
8.023208856582642
8.034886837005615
8.046055316925049
8.056666851043701
8.069674015045166
8.081549644470215
8.092607021331787
8.10354495048523
8.114238023757935
8.12538194656372
8.136721849441528
8.148094892501831
8.158849000930786
8.170039176940918
8.181105852127075
8.192419052124023
8.203657150268555
8.214255809783936
8.226526975631714
8.238387107849121
8.249040842056274
8.259878873825073
8.271148920059204
8.281846046447754
8.293421030044556
8.305620908737183
8.317161083221436
8.328304767608643
8.339391231536865
8.350534200668335
8.362066268920898
8.373863935470581
8.386083126068115
8.397743225097656
8.408554077148438
8.421385049819946
8.432398080825806
8.445266246795654
8.456583023071289
8.468108892440796
8.479313850402832
8.49097490310669
8.50239896774292
8.513018131256104
8.524047136306763
8.535207271575928
8.54781699180603
8.559823036193848
8.571746826171875
8.583302736282349
8.594966888427734
8.60619330406189
8.617149114608765
8.628190040588379
8.638576984405518
8.650898933410645
8.66184377670288
8.673159122467041
8.684699058532715
8.695759773254395
8.707651138305664
8.718115091323853
8.72919225692749
8.740373134613037
8.751843690872192
8.765302896499634
8.777024030685425
8.788666725158691
8.80010175704956
8.810906887054443
8.822839975357056
8.83460807800293
8.847072839736938
8.858246803283691
8.871515989303589
8.883311033248901
8.894343137741089
8.906020879745483
8.917891025543213
8.929324626922607
8.9427649974823
8.953943967819214
8.967552185058594
8.980215787887573
8.991672992706299
9.004757642745972
9.016481161117554
9.028588056564331
9.03945016860962
9.050815105438232
9.062252759933472
9.073418378829956
9.087233066558838
9.098686933517456
9.111163854598999
9.123796939849854
9.134673833847046
9.1472008228302
9.158926963806152
9.17035961151123
9.182083129882812
9.193055152893066
9.204106092453003
9.215035915374756
9.226124048233032
9.237192392349243
9.24881362915039
9.260048866271973
9.271996021270752
9.283775091171265
9.295717239379883
9.3088059425354
9.321467876434326
9.332504987716675
9.343317031860352
9.35513973236084
9.366374969482422
9.37809419631958
9.389363050460815
9.400582790374756
9.4120192527771
9.42463994026184
9.43724012374878
9.448697805404663
9.45947527885437
9.470525979995728
9.481855154037476
9.493474245071411
9.504972696304321
9.515959978103638
9.5274817943573
9.540359258651733
9.55320405960083
9.56529688835144
9.577716827392578
9.588733911514282
9.600307941436768
9.613339900970459
9.6238431930542
9.635241985321045
9.64828896522522
9.659783840179443
9.670818090438843
9.682049036026001
9.692924737930298
9.703855037689209
9.714926958084106
9.725404262542725
9.736461162567139
9.748074054718018
9.759164094924927
9.770173788070679
9.781842947006226
9.793828248977661
9.80443787574768
9.81680679321289
9.829716920852661
9.840960025787354
9.852132081985474
9.86335301399231
9.875144004821777
9.888406991958618
9.901032209396362
9.911626100540161
9.923604249954224
9.934704065322876
9.946892023086548
9.958436012268066
9.969364881515503
9.980084896087646
9.993911743164062
10.006827116012573
10.01826000213623
10.02932596206665
10.04046893119812
10.0519700050354
10.063657999038696
10.076915740966797
10.08971095085144
10.100779056549072
10.113529682159424
10.124377012252808
10.135797023773193
10.148306846618652
10.16028094291687
10.172377109527588
10.183329582214355
10.195497989654541
10.20620584487915
10.217614889144897
10.229575157165527
10.241556882858276
10.254593849182129
10.265306234359741
10.276608943939209
10.287315130233765
10.298257827758789
10.309234857559204
10.319754838943481
10.330180168151855
10.342621088027954
10.353621006011963
10.36514401435852
10.378733158111572
10.391860008239746
10.402419090270996
10.413136005401611
10.423687934875488
10.43524718284607
10.445871829986572
10.456645965576172
10.468940019607544
10.482249975204468
10.495059967041016
10.506107807159424
10.518927097320557
10.529953002929688
10.543179035186768
10.554206848144531
10.567931890487671
10.579896926879883
10.5916268825531
10.602428913116455
10.61347508430481
10.623865842819214
10.636286973953247
10.647416830062866
10.659210920333862
10.672831058502197
10.684146881103516
10.696412086486816
10.70790410041809
10.71905517578125
10.73136591911316
10.74199914932251
10.753136157989502
10.764366149902344
10.775442838668823
10.787474870681763
10.798481941223145
10.810733079910278
10.823342084884644
10.834320783615112
10.845981121063232
10.857115983963013
10.868942022323608
10.881262063980103
10.893528938293457
10.904346227645874
10.915427923202515
10.928303241729736
10.939591884613037
10.951077222824097
10.96381402015686
10.975181102752686
10.987237215042114
10.998125076293945
11.010291337966919
11.021446943283081
11.034215211868286
11.045101881027222
11.057373285293579
11.068664073944092
11.080328941345215
11.092061281204224
11.103759765625
11.114503860473633
11.125483751296997
11.138315916061401
11.14962387084961
11.161759853363037
11.17252779006958
11.18630313873291
11.197103023529053
11.207781791687012
11.219357967376709
11.230390071868896
11.241599798202515
11.252993106842041
11.26464581489563
11.277132034301758
11.288057088851929
11.300490856170654
11.311460256576538
11.322266101837158
11.334803819656372
11.346428871154785
11.357915163040161
11.370745182037354
11.38369107246399
11.395185947418213
11.408241271972656
11.419294834136963
11.429896831512451
11.441911697387695
11.452923774719238
11.46494197845459
11.477012395858765
11.489067077636719
11.499985933303833
11.51146388053894
11.52425217628479
11.53531813621521
11.548006772994995
11.560657024383545
11.572159051895142
11.58359670639038
11.596846103668213
11.60979700088501
11.620850324630737
11.632142782211304
11.643310785293579
11.657126188278198
11.66807508468628
11.681901931762695
11.695145845413208
11.705987930297852
11.718818187713623
11.731156349182129
11.742456197738647
11.753206968307495
11.764439105987549
11.776468276977539
11.789283037185669
11.799997091293335
11.810978889465332
11.823868989944458
11.835198402404785
11.847311019897461
11.859058856964111
11.871548891067505
11.88249921798706
11.893155097961426
11.904199123382568
11.915251970291138
11.926299810409546
11.937841176986694
11.948956966400146
11.962588787078857
11.974231243133545
11.985487699508667
