0.0009670257568359375
0.011424779891967773
0.024394989013671875
0.0349431037902832
0.046212196350097656
0.057199954986572266
0.06872916221618652
0.07967996597290039
0.09295010566711426
0.10428810119628906
0.11478710174560547
0.1263141632080078
0.1375260353088379
0.14875411987304688
0.16005396842956543
0.17146992683410645
0.18358206748962402
0.1948380470275879
0.20606303215026855
0.2190229892730713
0.22984814643859863
0.24211788177490234
0.2532839775085449
0.26447176933288574
0.27765607833862305
0.2886061668395996
0.29978084564208984
0.3108639717102051
0.32215285301208496
0.3330061435699463
0.3449373245239258
0.357820987701416
0.36908698081970215
0.37985801696777344
0.3927741050720215
0.4037330150604248
0.41593289375305176
0.42846107482910156
0.44025611877441406
0.4514751434326172
0.4650862216949463
0.4758152961730957
0.4881327152252197
0.49991393089294434
0.5108652114868164
0.5222747325897217
0.5333278179168701
0.5447962284088135
0.5565040111541748
0.5692422389984131
0.5802860260009766
0.5909769535064697
0.6035120487213135
0.6140789985656738
0.6258869171142578
0.6372349262237549
0.6508159637451172
0.6645922660827637
0.6752331256866455
0.6870641708374023
0.6982090473175049
0.7093408107757568
0.7202470302581787
0.7313292026519775
0.7427840232849121
0.7537522315979004
0.7647600173950195
0.7754080295562744
0.786081075668335
0.7986140251159668
0.8096702098846436
0.820573091506958
0.8319258689880371
0.8434600830078125
0.8561599254608154
0.8685581684112549
0.8810849189758301
0.891577959060669
0.9020779132843018
0.914053201675415
0.9252438545227051
0.9360570907592773
0.9478902816772461
0.9609930515289307
0.9724130630493164
0.9835150241851807
0.9939992427825928
1.0044269561767578
1.0154979228973389
1.0268030166625977
1.0383200645446777
1.0494019985198975
1.0606920719146729
1.0728769302368164
1.0837891101837158
1.0953879356384277
1.1064841747283936
1.1177680492401123
1.1289479732513428
1.1424307823181152
1.1556150913238525
1.1682512760162354
1.1806490421295166
1.1927311420440674
1.2035012245178223
1.214900016784668
1.2264540195465088
1.2381329536437988
1.2492899894714355
1.2610039710998535
1.2738471031188965
1.2848377227783203
1.29594087600708
1.3071610927581787
1.3179430961608887
1.3289620876312256
1.340735912322998
1.3545289039611816
1.3674941062927246
1.3798420429229736
1.3924789428710938
1.4033839702606201
1.4138538837432861
1.4253959655761719
1.4368388652801514
1.4503748416900635
1.461698055267334
1.4745700359344482
1.485610008239746
1.496478796005249
1.509056806564331
1.5207087993621826
1.5332908630371094
1.5448200702667236
1.558236837387085
1.5706079006195068
1.5831129550933838
1.5941529273986816
1.6051571369171143
1.6159989833831787
1.6273648738861084
1.6411640644073486
1.6550006866455078
1.6656887531280518
1.676713228225708
1.6877310276031494
1.6988871097564697
1.7099010944366455
1.7214789390563965
1.7334527969360352
1.7445049285888672
1.7569522857666016
1.7679250240325928
1.7802321910858154
1.7911908626556396
1.8020610809326172
1.8133220672607422
1.824733018875122
1.8358092308044434
1.8471009731292725
1.8586301803588867
1.8696491718292236
1.8807740211486816
1.891913890838623
1.9043831825256348
1.9150340557098389
1.9268431663513184
1.9385361671447754
1.9507107734680176
1.9624300003051758
1.975511074066162
1.9884278774261475
2.001326084136963
2.0120320320129395
2.0234920978546143
2.035329818725586
2.0472300052642822
2.0585451126098633
2.0698018074035645
2.0808489322662354
2.0937509536743164
2.104827880859375
2.11637282371521
2.128051996231079
2.140218734741211
2.1511309146881104
2.16243314743042
2.175370931625366
2.186413049697876
2.197474718093872
2.2100369930267334
2.2225990295410156
2.2340309619903564
2.2456488609313965
2.256586790084839
2.269235134124756
2.2802162170410156
2.291896104812622
2.3047502040863037
2.317742109298706
2.3290231227874756
2.341887950897217
2.3532538414001465
2.3643739223480225
2.377303123474121
2.3883779048919678
2.4011311531066895
2.4117040634155273
2.424574136734009
2.4363279342651367
2.450068950653076
2.461637258529663
2.4735300540924072
2.4865081310272217
2.4987730979919434
2.509943962097168
2.5223300457000732
2.533409833908081
2.5452780723571777
2.5568058490753174
2.569093942642212
2.5813848972320557
2.5918147563934326
2.6026108264923096
2.614659070968628
2.62579083442688
2.638906955718994
2.6502058506011963
2.6615328788757324
2.6745047569274902
2.6855361461639404
2.69659686088562
2.708897113800049
2.720092296600342
2.7313430309295654
2.743072032928467
2.7541308403015137
2.767254114151001
2.779186964035034
2.7902109622955322
2.8012518882751465
2.81230092048645
2.824051856994629
2.8370182514190674
2.8484389781951904
2.860337018966675
2.871199131011963
2.882301092147827
2.8946266174316406
2.9059150218963623
2.9192609786987305
2.930828809738159
2.9443790912628174
2.955782175064087
2.968529224395752
2.9809820652008057
2.9935920238494873
3.0046372413635254
3.0174620151519775
3.028254747390747
3.0399038791656494
3.05190110206604
3.0628368854522705
3.0738260746002197
3.085231065750122
3.0963120460510254
3.109265089035034
3.1211209297180176
3.1336209774017334
3.1465089321136475
3.1595561504364014
3.1701738834381104
3.1827077865600586
3.1938061714172363
3.204906940460205
3.216269016265869
3.2276759147644043
3.2391879558563232
3.2530012130737305
3.265519142150879
3.276557207107544
3.2876570224761963
3.298308849334717
3.3097751140594482
3.3217341899871826
3.33328914642334
3.344324827194214
3.357516050338745
3.368911027908325
3.380966901779175
3.392274856567383
3.4034969806671143
3.4146530628204346
3.4258220195770264
3.437516212463379
3.449615001678467
3.46277117729187
3.4751689434051514
3.486098051071167
3.4964940547943115
3.5074939727783203
3.518695116043091
3.530341863632202
3.5415709018707275
3.5528438091278076
3.565932035446167
3.5769152641296387
3.5897750854492188
3.600834608078003
3.612520933151245
3.6249899864196777
3.6381900310516357
3.65187406539917
3.6644229888916016
3.676913022994995
3.6898019313812256
3.701475143432617
3.7130820751190186
3.7239830493927
3.737262010574341
3.750767707824707
3.7632272243499756
3.774199962615967
3.786046028137207
3.79703688621521
3.810293197631836
3.8212790489196777
3.8350751399993896
3.8465278148651123
3.8597259521484375
3.8726389408111572
3.8849620819091797
3.896044969558716
3.9066638946533203
3.918208599090576
3.9316179752349854
3.942957878112793
3.9541759490966797
3.967219114303589
3.980135917663574
3.991374969482422
4.002853155136108
4.013845920562744
4.026554107666016
4.038058042526245
4.049642086029053
4.060413122177124
4.071303844451904
4.084036111831665
4.0950469970703125
4.107091903686523
4.118286848068237
4.129897832870483
4.1436989307403564
4.156577110290527
4.168064117431641
4.179565191268921
4.190701723098755
4.202160835266113
4.215752124786377
4.227243661880493
4.238980054855347
4.251528978347778
4.264322996139526
4.275254011154175
4.286318063735962
4.298516035079956
4.310039758682251
4.322344779968262
4.333796739578247
4.345200061798096
4.358975887298584
4.371847867965698
4.385533094406128
4.398024797439575
4.409698009490967
4.421043872833252
4.431956052780151
4.445756912231445
4.456693172454834
4.467460870742798
4.479591131210327
4.490397930145264
4.50189208984375
4.515221118927002
4.526123762130737
4.5374860763549805
4.551169157028198
4.562260866165161
4.57328200340271
4.585514068603516
4.598437786102295
4.609695196151733
4.621416807174683
4.63233208656311
4.645802021026611
4.656425952911377
4.667881011962891
4.680494070053101
4.693135976791382
4.706032037734985
4.717584133148193
4.730561017990112
4.743626117706299
4.756793975830078
4.769692897796631
4.78077507019043
4.792134761810303
4.803277969360352
4.814856052398682
4.826625823974609
4.8382649421691895
4.851175785064697
4.861678838729858
4.8745551109313965
4.886029958724976
4.899039030075073
4.912025213241577
4.923449754714966
4.934753656387329
4.945633888244629
4.956721067428589
4.967889785766602
4.979317903518677
4.990119218826294
5.0008227825164795
5.0128562450408936
5.0241920948028564
5.035883188247681
5.047773838043213
5.058629989624023
5.069799900054932
5.080432176589966
5.091552019119263
5.10341215133667
5.116422891616821
5.129601955413818
5.140995979309082
5.151979923248291
5.162925958633423
5.174062013626099
5.185194730758667
5.197279930114746
5.2092390060424805
5.222058057785034
5.2331531047821045
5.244816064834595
5.257483959197998
5.270204305648804
5.282763719558716
5.295176982879639
5.306182861328125
5.317762613296509
5.331437110900879
5.345264911651611
5.357449054718018
5.369274139404297
5.380031108856201
5.392230749130249
5.404790878295898
5.416079998016357
5.427783966064453
5.4392571449279785
5.451940059661865
5.46455979347229
5.475963115692139
5.4870100021362305
5.497605800628662
5.509891748428345
5.52111291885376
5.532510995864868
5.544333219528198
5.555145978927612
5.567056179046631
5.578246116638184
5.588693857192993
5.601976156234741
5.6125710010528564
5.625504016876221
5.63714599609375
5.650219917297363
5.661125898361206
5.673472166061401
5.684551000595093
5.69573187828064
5.707252025604248
5.7206690311431885
5.732532978057861
5.743710041046143
5.754345893859863
5.765394926071167
5.778239965438843
5.788779020309448
5.801889181137085
5.813760995864868
5.826401710510254
5.837747097015381
5.850772142410278
5.861701965332031
5.872430086135864
5.883829832077026
5.8944761753082275
5.908092975616455
5.919408082962036
5.930953025817871
5.944650888442993
5.95739483833313
5.970314025878906
5.982611894607544
5.993304252624512
6.004100799560547
6.01626992225647
6.028198003768921
6.0386881828308105
6.049225330352783
6.060861110687256
6.072751760482788
6.0831298828125
6.093942880630493
6.1058900356292725
6.1170618534088135
6.128457069396973
6.139904022216797
6.151525974273682
6.164039850234985
6.175122976303101
6.186172962188721
6.197386980056763
6.208842992782593
6.220123291015625
6.232257127761841
6.24495792388916
6.255566120147705
6.266237020492554
6.277361869812012
6.288862943649292
6.300329923629761
6.3121747970581055
6.3239219188690186
6.335092067718506
6.346024990081787
6.358691930770874
6.369877099990845
6.380810976028442
6.3921730518341064
6.403640031814575
6.4150848388671875
6.42683219909668
6.43828010559082
6.449135065078735
6.461153984069824
6.4720680713653564
6.4828150272369385
6.494662761688232
6.50623893737793
6.5178797245025635
6.53124213218689
6.5442798137664795
6.5559728145599365
6.567842245101929
6.578864097595215
6.589970111846924
6.6024980545043945
6.614367961883545
6.627090930938721
6.638628959655762
6.65064811706543
6.662637948989868
6.674776077270508
6.686791896820068
6.697894096374512
6.709468841552734
6.721148729324341
6.733556032180786
6.7450501918792725
6.756286859512329
6.7701990604400635
6.78333592414856
6.797156095504761
6.808741092681885
6.820342063903809
6.832901239395142
6.8436970710754395
6.854694843292236
6.867762804031372
6.878687143325806
6.890402793884277
6.901960849761963
6.914995908737183
6.9275078773498535
6.940462827682495
6.951264142990112
6.964070081710815
6.976196050643921
6.987607002258301
7.001298189163208
7.0145957469940186
7.028234004974365
7.04058313369751
7.051519870758057
7.063251972198486
7.0743772983551025
7.086418867111206
7.098890066146851
7.109498023986816
7.122196912765503
7.135923862457275
7.146551847457886
7.157203912734985
7.168276786804199
7.179351091384888
7.191955089569092
7.203843116760254
7.215342044830322
7.2266058921813965
7.239850759506226
7.2526702880859375
7.263102054595947
7.273975133895874
7.286374092102051
7.297643184661865
7.308824062347412
7.320818185806274
7.332545042037964
7.345660924911499
7.357367038726807
7.368372917175293
7.379439115524292
7.392742872238159
7.403936862945557
7.415601015090942
7.4293718338012695
7.441425085067749
7.454120874404907
7.467056751251221
7.478266000747681
7.49118709564209
7.502564907073975
7.515794277191162
7.527079820632935
7.538077116012573
7.550275087356567
7.560882806777954
7.573684215545654
7.584195137023926
7.595340013504028
7.6072838306427
7.618480920791626
7.629827976226807
7.643614053726196
7.656599760055542
7.6679980754852295
7.680125951766968
7.6931281089782715
7.70611310005188
7.71712589263916
7.72857403755188
7.741489887237549
7.752254247665405
7.763803958892822
7.77666711807251
7.787425994873047
7.798992156982422
7.8105621337890625
7.821708917617798
7.832825660705566
7.843273162841797
7.853882074356079
7.864904880523682
7.877285957336426
7.888349294662476
7.899113893508911
7.912550926208496
7.9244301319122314
7.936530113220215
7.947657108306885
7.958701133728027
7.970700025558472
7.981115818023682
7.991929769515991
8.002984762191772
8.013912200927734
8.025115013122559
8.038239002227783
8.051209926605225
8.062637090682983
8.074836254119873
8.086798906326294
8.098755836486816
8.110741376876831
8.12225890159607
8.134509801864624
8.14513087272644
8.155532121658325
8.167318105697632
8.178646087646484
8.19029188156128
8.201312065124512
8.212815761566162
8.2241370677948
8.235093832015991
8.246123790740967
8.258601188659668
8.269071102142334
8.280519008636475
8.292516946792603
8.304199934005737
8.316758871078491
8.328614950180054
8.341123104095459
8.352256059646606
8.363306045532227
8.374114036560059
8.385642051696777
8.397171974182129
8.410729885101318
8.424548864364624
8.435261964797974
8.447941780090332
8.460850954055786
8.473225116729736
8.484375715255737
8.498215913772583
8.510047912597656
8.523723125457764
8.534489154815674
8.547025918960571
8.559973955154419
8.572533130645752
8.583739757537842
8.597234964370728
8.60791802406311
8.61974287033081
8.632408857345581
8.643621921539307
8.654417991638184
8.665517091751099
8.676014184951782
8.687374830245972
8.699209928512573
8.71091914176941
8.722684860229492
8.73376202583313
8.744201898574829
8.755344867706299
8.766417741775513
8.77742600440979
8.789942026138306
8.803242921829224
8.81460690498352
8.826275825500488
8.83686900138855
8.847487211227417
8.860111713409424
8.873097896575928
8.885146856307983
8.89679503440857
8.909703969955444
8.921096324920654
8.931723594665527
8.942292928695679
8.953412055969238
8.964538097381592
8.975226879119873
8.986469030380249
8.997912168502808
9.010858058929443
9.02350902557373
9.03623104095459
9.047260999679565
9.060131072998047
9.072524070739746
9.083936929702759
9.095781803131104
9.107609033584595
9.119103908538818
9.129773139953613
9.140285015106201
9.15135383605957
9.16431212425232
9.17582893371582
9.189528942108154
9.203094005584717
9.215620040893555
9.228797912597656
9.241764783859253
9.252798080444336
9.26558518409729
9.278881072998047
9.290138006210327
9.301612854003906
9.313385963439941
9.324629068374634
9.335731029510498
9.348018884658813
9.359010696411133
9.371040105819702
9.382061958312988
9.393748998641968
9.405166149139404
9.41846489906311
9.430789947509766
9.441772937774658
9.45320987701416
9.464259147644043
9.475931167602539
9.487613916397095
9.499595165252686
9.512204885482788
9.52324914932251
9.535636901855469
9.548046112060547
9.560906887054443
9.572095155715942
9.583530902862549
9.594872951507568
9.607704162597656
9.618706226348877
9.629739999771118
9.640669822692871
9.651230335235596
9.66231894493103
9.673584222793579
9.68485403060913
9.696003198623657
9.709711790084839
9.721405267715454
9.733780860900879
9.744856834411621
9.755949020385742
9.766889095306396
9.778374195098877
9.792169094085693
9.803571939468384
9.815687894821167
9.826598882675171
9.838151931762695
9.84936809539795
9.860307216644287
9.871331930160522
9.882972002029419
9.894685983657837
9.908561944961548
9.91978120803833
9.930558919906616
9.941303730010986
9.952731847763062
9.965037107467651
9.97660493850708
9.990405321121216
10.003843069076538
10.017473697662354
10.028358936309814
10.04126524925232
10.052683115005493
10.06534194946289
10.076451063156128
10.087368965148926
10.09927773475647
10.110726833343506
10.122646808624268
10.133445739746094
10.145859241485596
10.15639615058899
10.167810678482056
10.179033756256104
10.191224813461304
10.20220685005188
10.215818166732788
10.228378772735596
10.238853931427002
10.249844074249268
10.261178731918335
10.274528980255127
10.28624415397644
10.300028085708618
10.313941955566406
10.326365947723389
10.338189125061035
10.34902024269104
10.360219240188599
10.372316837310791
10.383713006973267
10.39526104927063
10.406958818435669
10.41902208328247
10.429826974868774
10.44246792793274
10.454121112823486
10.465073347091675
10.475985288619995
10.486907005310059
10.498581886291504
10.510215997695923
10.52123498916626
10.533304929733276
10.54694390296936
10.559463024139404
10.571947813034058
10.583176851272583
10.59469485282898
10.608488082885742
10.620976209640503
10.633431911468506
10.64455509185791
10.655672788619995
10.666131973266602
10.678158044815063
10.689294815063477
10.701735019683838
10.714347124099731
10.724907875061035
10.736148118972778
10.748252868652344
10.759711980819702
10.772838115692139
10.78416895866394
10.79797101020813
10.809461116790771
10.820662021636963
10.832680940628052
10.845327138900757
10.857556104660034
10.869601964950562
10.881214141845703
10.894093990325928
10.905454874038696
10.918015003204346
10.930064916610718
10.941039085388184
10.951495885848999
10.963265180587769
10.975197076797485
10.98722791671753
10.999824047088623
11.013386011123657
11.023982763290405
11.036741018295288
11.04784107208252
11.058913230895996
11.070677042007446
11.081689834594727
11.093343019485474
11.106251001358032
11.11702299118042
11.129573106765747
11.142529964447021
11.153577089309692
11.167037010192871
11.178718328475952
11.190423965454102
11.202483892440796
11.21351408958435
11.224067211151123
11.234879970550537
11.246006965637207
11.257116079330444
11.26858901977539
11.279728174209595
11.291393041610718
11.303539991378784
11.314841270446777
11.325658082962036
11.336796998977661
11.347892045974731
11.360780000686646
11.37146806716919
11.384446859359741
11.395824909210205
11.409446239471436
11.420101165771484
11.432793855667114
11.443944931030273
11.456292867660522
11.468192100524902
11.481785774230957
11.4928457736969
11.506323099136353
11.51675796508789
11.527704954147339
11.54009199142456
11.551161050796509
11.564502954483032
11.575396060943604
11.586697101593018
11.598012924194336
11.60928201675415
11.620077133178711
11.632999897003174
11.644094944000244
11.656466722488403
11.667778253555298
11.68004584312439
11.691060066223145
11.704604148864746
11.717369794845581
11.729362964630127
11.742268085479736
11.75479769706726
11.766146898269653
11.777875900268555
11.790969133377075
11.804473161697388
11.816726922988892
11.827106714248657
11.83829402923584
11.849454879760742
11.861654043197632
11.872534036636353
11.884397029876709
11.898194789886475
11.90919280052185
11.92179799079895
11.932843208312988
11.94374394416809
11.956908702850342
11.968458890914917
11.981145143508911
11.992325067520142
12.003507137298584
12.015855073928833
12.026365041732788
12.03822374343872
12.051161766052246
12.064358949661255
11.897993087768555
11.9099600315094
11.920991897583008
11.932991027832031
11.944035053253174
11.95593810081482
11.967375993728638
11.978765964508057
11.990334033966064
12.001470804214478
12.01507568359375
12.025783061981201
12.037597179412842
12.048867225646973
12.062467813491821
12.074170112609863
12.085524082183838
12.096505880355835
12.108968257904053
12.121825933456421
12.132614135742188
12.144107103347778
12.15600299835205
12.16719102859497
12.178806066513062
12.18978500366211
12.200228929519653
12.211658954620361
12.224504947662354
12.235390901565552
12.246402025222778
12.257865905761719
12.269657850265503
12.280594110488892
12.29163408279419
12.303879976272583
12.317001819610596
12.329653024673462
12.340872764587402
12.353513956069946
12.367307901382446
12.380255937576294
12.39264702796936
12.403203010559082
12.416071891784668
12.427750825881958
12.44031286239624
12.451217889785767
12.464201927185059
12.475176095962524
12.486354112625122
12.497545003890991
12.51015305519104
12.522686958312988
12.533298969268799
12.54457402229309
12.555204153060913
12.566236972808838
12.57922887802124
12.591500043869019
12.604359149932861
12.615485906600952
12.628786087036133
12.640481948852539
12.65156078338623
12.662673950195312
12.674108028411865
12.684844970703125
12.69775676727295
12.708460807800293
12.719896078109741
12.731115102767944
12.74219298362732
12.753340005874634
12.764775037765503
12.777475833892822
12.787996768951416
12.799069166183472
12.81177020072937
12.822876930236816
12.833707094192505
12.846030950546265
12.858136892318726
12.870699882507324
12.883350133895874
12.89651608467102
12.909661054611206
12.920609951019287
12.931482791900635
12.943813800811768
12.95520806312561
12.967526912689209
12.97818899154663
12.989116907119751
13.002284049987793
13.012880086898804
13.024219989776611
13.036560773849487
13.047940969467163
13.060493230819702
13.07129693031311
13.081906795501709
13.093700885772705
13.104270219802856
13.11497688293457
13.126197814941406
13.137356042861938
13.148410081863403
13.159859895706177
13.170391082763672
13.183258056640625
13.1947021484375
13.205619096755981
13.21749496459961
13.228514909744263
13.240269899368286
13.254183053970337
13.266043186187744
13.279013872146606
13.290947675704956
13.30197286605835
13.312936305999756
13.324288845062256
13.335484981536865
13.348298072814941
13.359467029571533
13.370033979415894
13.382078886032104
13.392509937286377
13.40347695350647
13.414366006851196
13.426159858703613
13.439318180084229
13.452951908111572
13.46364426612854
13.474497079849243
13.485617876052856
13.496179103851318
13.506891012191772
13.518182277679443
13.529862880706787
13.540708065032959
13.552412986755371
13.565135955810547
13.576175212860107
13.587208986282349
13.597731113433838
13.608460187911987
13.62054181098938
13.634276151657104
13.645469903945923
13.65664529800415
13.669779777526855
13.682767868041992
13.693933010101318
13.705585956573486
13.716354846954346
13.727900266647339
13.739214897155762
13.752305030822754
13.7643141746521
13.7763192653656
13.78674602508545
13.79775071144104
13.809345960617065
13.820504903793335
13.83190393447876
13.842948913574219
13.856758832931519
13.867334842681885
13.878460168838501
13.890236854553223
13.901110887527466
13.913146734237671
13.924587965011597
13.935896158218384
13.947041034698486
13.957876920700073
13.968812942504883
13.981609106063843
13.992486953735352
14.004843950271606
14.015927076339722
14.026769876480103
14.037956237792969
14.049359798431396
14.060313940048218
14.07290506362915
14.083879947662354
14.09494400024414
14.106294870376587
14.119961977005005
14.131114959716797
14.144124746322632
14.155333042144775
14.166319847106934
14.1769540309906
14.188096046447754
14.198702096939087
14.210447072982788
14.221740961074829
14.234835147857666
14.246094703674316
14.25717306137085
14.267700910568237
14.279664039611816
14.290737867355347
14.303674697875977
14.315057754516602
14.326107263565063
14.337333679199219
14.350962162017822
14.362649917602539
14.37362027168274
14.385801792144775
14.396903991699219
14.408444881439209
14.419431924819946
14.430962085723877
14.444772005081177
14.455704927444458
14.466448068618774
14.47693681716919
14.487789630889893
14.50102710723877
14.512123107910156
14.523344278335571
14.534528970718384
14.548056602478027
14.558990955352783
14.570086002349854
14.580605030059814
14.592820882797241
14.604296922683716
14.615888833999634
14.627028226852417
14.638782024383545
14.650398969650269
14.661516904830933
14.672466039657593
14.683647871017456
14.694456100463867
14.706240892410278
14.719844102859497
14.731219053268433
14.744219779968262
14.755145072937012
14.766876220703125
14.778657913208008
14.789777040481567
14.800918102264404
14.811824798583984
14.823010206222534
14.834053993225098
14.8475341796875
14.85840916633606
14.869308233261108
14.882206916809082
14.894781351089478
14.908975839614868
14.920001983642578
14.930612087249756
14.941131830215454
14.951935052871704
14.962492942810059
14.974555253982544
14.985220193862915
14.998028993606567
15.008859872817993
15.02000617980957
15.033398866653442
15.044437170028687
15.055407047271729
15.066614866256714
15.077189683914185
15.088805913925171
15.101464033126831
15.112655878067017
15.124788045883179
15.135600090026855
15.146683692932129
15.157679080963135
15.168179035186768
15.178977966308594
15.189598798751831
15.20077109336853
15.212199211120605
15.223794221878052
15.235299825668335
15.246860980987549
15.259402990341187
15.271935939788818
15.283027172088623
15.295804738998413
15.30669093132019
15.318134069442749
15.329076051712036
15.340182781219482
15.351094007492065
15.363653182983398
15.374330997467041
15.386332988739014
15.397366762161255
15.410713911056519
15.422919034957886
15.436336994171143
15.44786787033081
15.458427906036377
15.4690101146698
15.480000019073486
15.492430210113525
15.503610134124756
15.51680612564087
15.527889251708984
15.539021730422974
15.549736022949219
15.562389135360718
15.575178861618042
15.586230039596558
15.596992015838623
15.608625888824463
15.619740962982178
15.630823135375977
15.64433479309082
15.655322074890137
15.666247129440308
15.679174900054932
15.690627813339233
15.702255010604858
15.713376760482788
15.72415804862976
15.73511791229248
15.746309995651245
15.759382963180542
15.770494937896729
15.783495903015137
15.794808149337769
15.805593013763428
15.816638946533203
15.828026056289673
15.839627027511597
15.850787162780762
15.863763093948364
15.874969959259033
15.886145114898682
15.896952152252197
15.907602310180664
15.918958187103271
15.930624008178711
15.943989992141724
15.954651117324829
15.965283870697021
15.976500272750854
15.987646102905273
15.998403787612915
16.010540008544922
16.02178406715393
16.032504081726074
16.04411292076111
16.054737329483032
16.067090034484863
16.079373836517334
16.0920569896698
16.103505849838257
16.11501908302307
16.126068115234375
16.138731956481934
16.149975061416626
16.16137981414795
16.17247986793518
16.184202909469604
16.19654607772827
16.20785903930664
16.219040870666504
16.230347156524658
16.242532968521118
16.253356218338013
16.26437497138977
16.276890993118286
16.28877282142639
16.30174732208252
16.31377100944519
16.32735824584961
16.340662002563477
16.35184907913208
16.3637478351593
16.375921964645386
16.386987924575806
16.39895796775818
16.41130781173706
16.42243194580078
16.434035778045654
16.445136308670044
16.4581139087677
16.471039056777954
16.482775926589966
16.49341607093811
16.506537914276123
16.517495155334473
16.52877378463745
16.540088176727295
16.550898790359497
16.563360929489136
16.575361967086792
16.58641028404236
16.599005937576294
16.610162019729614
16.621355772018433
16.634857177734375
16.646984100341797
16.659908056259155
16.671000957489014
16.68217396736145
16.694084882736206
16.70590090751648
16.718553066253662
16.73087978363037
16.7424099445343
16.7548828125
16.767832040786743
16.779937028884888
16.791172981262207
16.80244016647339
16.813577890396118
16.826359033584595
16.837465047836304
16.848459005355835
16.859114170074463
16.872007131576538
16.882503986358643
16.893358945846558
16.904564380645752
16.915971040725708
16.927096128463745
16.938151836395264
16.9498450756073
16.961637020111084
16.972164154052734
16.983295440673828
16.994606018066406
17.005580186843872
17.01738691329956
17.028568983078003
17.042307138442993
17.054728746414185
17.065825939178467
17.077123165130615
17.087625980377197
17.099486112594604
17.11075210571289
17.12196397781372
17.13287091255188
17.143696069717407
17.15448784828186
17.167503118515015
17.178273677825928
17.18946623802185
17.20064616203308
17.21383810043335
17.22522807121277
17.235925674438477
17.247165203094482
17.258763074874878
17.26975989341736
17.280821084976196
17.293445110321045
17.3051540851593
17.31668996810913
17.32811403274536
17.339259147644043
17.350054264068604
17.36115598678589
17.372250080108643
17.383038997650146
17.396731853485107
17.408358097076416
17.421921014785767
17.433608055114746
17.444519758224487
17.456918001174927
17.469862937927246
17.482105016708374
17.49296808242798
17.504621028900146
17.516056060791016
17.528120756149292
17.540317058563232
17.551024198532104
17.56205415725708
17.575021028518677
17.585489749908447
17.598198890686035
17.609698057174683
17.62148404121399
17.633709192276
17.644728899002075
17.657657861709595
17.670581340789795
17.681721210479736
17.692551136016846
17.70536708831787
17.716213941574097
17.727702140808105
17.738582849502563
17.749592781066895
17.760579824447632
17.771663188934326
17.784377813339233
17.796019792556763
17.80767297744751
17.819761037826538
17.831728219985962
11.804968357086182
11.816652774810791
11.827422857284546
11.838543891906738
11.851334810256958
11.86417293548584
11.875230073928833
11.885915040969849
11.897835969924927
11.909037113189697
11.919549942016602
11.930216312408447
11.942875862121582
11.954481840133667
11.965358018875122
11.977856874465942
11.988785028457642
12.001861095428467
12.012657880783081
12.025590896606445
12.037746906280518
12.048300981521606
12.05977988243103
12.071278095245361
12.082520961761475
12.093910932540894
12.10558795928955
12.11779522895813
12.12847089767456
12.140413045883179
12.153812885284424
12.165138959884644
12.17625379562378
12.18755316734314
12.200566053390503
12.21179485321045
12.222910165786743
12.23568606376648
12.246968030929565
12.260447978973389
12.2727210521698
12.283370018005371
12.294955015182495
12.306130170822144
12.317933797836304
12.32897400856018
12.339510202407837
12.351342678070068
12.363374948501587
12.375673055648804
12.387094974517822
12.39807391166687
12.41024899482727
12.421079158782959
12.433978080749512
12.445405006408691
12.458226203918457
12.469640970230103
12.481122016906738
12.492024898529053
12.504582166671753
12.516628980636597
12.527472972869873
12.539905786514282
12.55192494392395
12.563316822052002
12.57463812828064
12.585739135742188
12.596806049346924
12.608475923538208
12.619187831878662
12.630597114562988
12.642099857330322
12.652903079986572
12.663959980010986
12.675124883651733
12.68835997581482
12.701319217681885
12.713063955307007
12.725488185882568
12.737287044525146
12.748764991760254
12.759705781936646
12.770484924316406
12.78213620185852
12.79287600517273
12.805826902389526
12.817005157470703
12.829209804534912
12.840677261352539
12.85170030593872
12.863317966461182
12.875343084335327
12.887012958526611
12.897897958755493
12.910831212997437
12.921313047409058
12.932420015335083
12.943799018859863
12.95518708229065
12.96874713897705
12.98151969909668
12.992875099182129
13.003721952438354
13.01423168182373
13.025905847549438
13.037727117538452
13.050486087799072
13.061609983444214
13.073101997375488
13.08518385887146
13.096325874328613
13.108261346817017
13.119303226470947
13.131694078445435
13.142325639724731
13.153770208358765
13.165717124938965
13.176739931106567
13.18851613998413
13.20151400566101
13.214046001434326
13.225219964981079
13.236289024353027
13.248114347457886
13.259057998657227
13.27077603340149
13.282232999801636
13.295410871505737
13.30601692199707
13.316878080368042
13.327755212783813
13.339009761810303
13.35217809677124
13.363773107528687
13.37476110458374
13.388382911682129
13.398821830749512
13.409747123718262
13.420752048492432
13.431760311126709
13.443140745162964
13.456403017044067
13.467604160308838
13.478873252868652
13.489884853363037
13.500685214996338
13.513535022735596
13.524595975875854
13.536485195159912
13.547593116760254
13.558826923370361
13.571535110473633
13.582173824310303
13.59323501586914
13.604371309280396
13.614934921264648
13.626153945922852
13.638299226760864
13.649003028869629
13.660723209381104
13.67405891418457
13.687362909317017
13.697991132736206
13.708754777908325
13.720712900161743
13.731848239898682
13.742913007736206
13.754220008850098
13.765610694885254
13.777233839035034
13.78830099105835
13.798711061477661
13.809858083724976
13.821449041366577
13.832156896591187
13.843876123428345
13.855759143829346
13.867363214492798
13.880775928497314
13.891541957855225
13.901959896087646
13.913075923919678
13.924193859100342
13.935059309005737
13.945988893508911
13.956640005111694
13.968415975570679
13.981736898422241
13.993154048919678
14.006084203720093
14.017132759094238
14.027467012405396
14.039180040359497
14.051051139831543
14.062382936477661
14.073800086975098
14.08515214920044
14.095725059509277
14.108415842056274
14.119488000869751
14.131037950515747
14.142702102661133
14.153904914855957
14.166460275650024
14.178226947784424
14.188969135284424
14.199960947036743
14.211103916168213
14.223598718643188
14.234886169433594
14.246578216552734
14.25875973701477
14.270556926727295
14.28366208076477
14.294479131698608
14.306382656097412
14.31683087348938
14.327335119247437
14.3383469581604
14.349222898483276
14.359776973724365
14.37019419670105
14.381617784500122
14.392354965209961
14.402653932571411
14.413702964782715
14.425464153289795
14.438574075698853
14.450080871582031
14.461391925811768
14.473030090332031
14.483912229537964
14.494724750518799
14.505788087844849
14.516819953918457
14.527842044830322
14.538648843765259
14.550432920455933
14.563051700592041
14.574092864990234
14.587102890014648
14.597675085067749
14.61002802848816
14.621081113815308
14.63331127166748
14.644033908843994
14.656199932098389
14.669029712677002
14.680372953414917
14.69246220588684
14.703423023223877
14.714499711990356
14.727441310882568
14.738256216049194
14.751428842544556
14.762818098068237
14.776521921157837
14.789551258087158
14.801692008972168
14.812104940414429
14.824277877807617
14.835674285888672
14.847423076629639
14.861124992370605
14.87295389175415
14.884407997131348
14.895380973815918
14.90661907196045
14.917676210403442
14.928305864334106
14.93982195854187
14.950778007507324
14.961936235427856
14.97358226776123
14.98459529876709
14.99567723274231
15.006802082061768
15.019503116607666
15.03242301940918
15.043889284133911
15.05758285522461
15.068611860275269
15.079735040664673
15.09249997138977
15.104368686676025
15.117025136947632
15.12772822380066
15.138768196105957
15.149453163146973
15.161155223846436
15.172346830368042
15.184230089187622
15.196408748626709
15.207433938980103
15.219779014587402
15.230861186981201
15.242632865905762
15.256347894668579
15.270090103149414
15.282949924468994
15.294435024261475
15.305526971817017
15.316592931747437
15.327658891677856
15.339221954345703
15.352275848388672
15.363187789916992
15.374989032745361
15.387863874435425
15.398979902267456
15.40981411933899
15.42091703414917
15.43186092376709
15.443552017211914
15.455060958862305
15.46781587600708
15.479387760162354
15.492189168930054
15.504772186279297
15.516509294509888
15.52717399597168
15.537729024887085
15.548387050628662
15.558856964111328
15.57006573677063
15.582406044006348
15.593169927597046
15.604253053665161
15.615716934204102
15.627012968063354
15.638788938522339
15.650676012039185
15.661311149597168
15.67485523223877
15.685623168945312
15.697885274887085
15.708991050720215
15.720258951187134
15.733591079711914
15.746945858001709
15.758126735687256
15.771533250808716
15.78372597694397
15.794819831848145
15.807161808013916
15.818420171737671
15.830503940582275
15.841537952423096
15.855124235153198
15.866399049758911
15.877195119857788
15.890106201171875
15.90120005607605
15.912199020385742
15.922790050506592
15.93619680404663
15.948485851287842
15.959791898727417
15.97105598449707
15.983999967575073
15.994879007339478
16.00589108467102
16.018091917037964
16.030767917633057
16.04172396659851
16.053807735443115
16.06494903564453
16.07642698287964
16.08698582649231
16.09996795654297
16.110473155975342
16.121705055236816
16.133069038391113
16.14440608024597
16.15761089324951
16.168862104415894
16.18193292617798
16.1930730342865
16.205977201461792
16.21851110458374
16.229846954345703
16.241920709609985
16.252814769744873
16.263967990875244
16.275119066238403
16.28792691230774
16.300830841064453
16.31156587600708
16.32209086418152
16.333626985549927
16.344572067260742
16.356053113937378
16.367841005325317
16.38078498840332
16.393721103668213
16.404797077178955
16.417203903198242
16.428298950195312
16.44175624847412
16.452703952789307
16.464358806610107
16.47519087791443
16.487339973449707
16.499507904052734
16.510457754135132
16.52364993095398
16.534912109375
16.54659605026245
16.560157775878906
16.571765899658203
16.582386016845703
16.593114852905273
16.605871200561523
16.618447065353394
16.62981915473938
16.641669034957886
16.652941942214966
16.663859128952026
16.67442035675049
16.686734914779663
16.699132919311523
16.710227012634277
16.72085475921631
16.732831954956055
16.746472358703613
16.758152961730957
16.771254062652588
16.784188985824585
16.796452045440674
16.807497024536133
16.818715810775757
16.830333948135376
16.842403173446655
16.85460591316223
16.865968704223633
16.87699580192566
16.890023946762085
16.901127815246582
16.913777112960815
16.926661252975464
16.9376699924469
16.948596954345703
16.960999011993408
16.971974849700928
16.982959985733032
16.995666980743408
17.006762981414795
17.018917083740234
17.029886960983276
17.04168701171875
17.05535101890564
17.068952798843384
17.079899072647095
17.09099292755127
17.102317810058594
17.11452889442444
17.1262309551239
17.139291286468506
17.151267051696777
17.16291570663452
17.17599081993103
17.187036275863647
17.198163270950317
17.21058702468872
17.222392082214355
17.23440718650818
17.245440006256104
17.256627082824707
17.267525911331177
17.278001070022583
17.289811372756958
17.300904989242554
17.31191611289978
17.325095176696777
17.335763216018677
17.349485874176025
17.362239837646484
17.374515056610107
17.385483980178833
17.396585941314697
17.407721042633057
17.418976068496704
17.430061101913452
17.443456888198853
17.457270860671997
17.470388412475586
17.481269121170044
17.49260902404785
17.503738164901733
17.514692068099976
17.525557041168213
17.537950038909912
17.551010131835938
17.564250230789185
17.575596809387207
17.58653974533081
17.59786295890808
17.61049509048462
17.62376093864441
17.63560700416565
17.64677906036377
17.658152103424072
17.668787240982056
17.67999005317688
17.6914701461792
17.704258680343628
17.7151780128479
17.726713180541992
17.738176822662354
17.749778985977173
17.76096200942993
6.042757749557495
6.054722785949707
6.065806865692139
6.078175067901611
6.090412855148315
6.101675033569336
6.113430023193359
6.125252962112427
6.138391017913818
6.149281024932861
6.160332918167114
6.173130989074707
6.1837732791900635
6.194536924362183
6.206724166870117
6.219074964523315
6.232846975326538
6.245314121246338
6.256487846374512
6.2675111293792725
6.279755115509033
6.291635036468506
6.302804946899414
6.3145952224731445
6.327927112579346
6.338825941085815
6.349395990371704
6.3603599071502686
6.371444225311279
6.382187128067017
6.393985033035278
6.40499472618103
6.416899919509888
6.428618907928467
6.4394659996032715
6.451456069946289
6.462539911270142
6.474370956420898
6.4868879318237305
6.498363971710205
6.509634017944336
6.520675897598267
6.5326762199401855
6.545616149902344
6.559256076812744
6.57244086265564
6.583307981491089
6.594971179962158
6.608374118804932
6.619127035140991
6.630634784698486
6.643646001815796
6.6546711921691895
6.6674580574035645
6.680259943008423
6.693988800048828
6.70537805557251
6.717077970504761
6.728850841522217
6.739612817764282
6.751014947891235
6.762085199356079
6.774985074996948
6.7864930629730225
6.799889802932739
6.812739133834839
6.824017286300659
6.834809064865112
6.847092866897583
6.85758900642395
6.869447231292725
6.882141828536987
6.893860101699829
6.905339241027832
6.918888092041016
6.9305760860443115
6.941120147705078
6.954054832458496
6.96514105796814
6.97609281539917
6.987694978713989
6.999511957168579
7.011523008346558
7.022922039031982
7.034136772155762
7.045145034790039
7.056535959243774
7.067292928695679
7.078809976577759
7.091673135757446
7.103261947631836
7.117071866989136
7.130455017089844
7.141092777252197
7.153997898101807
7.16618013381958
7.177929162979126
7.190758228302002
7.202046871185303
7.213631868362427
7.227420806884766
7.239990711212158
7.252948999404907
7.265079975128174
7.277101993560791
7.288197994232178
7.300060033798218
7.311522006988525
7.3227949142456055
7.333668231964111
7.344752073287964
7.355258226394653
7.366333961486816
7.377058982849121
7.388454914093018
7.399703741073608
7.411639213562012
7.4226319789886475
7.433686017990112
7.446275949478149
7.45697283744812
7.467937707901001
7.48038911819458
7.492042779922485
7.503261089324951
7.515959739685059
7.5277440547943115
7.538252115249634
7.5497400760650635
7.56177020072937
7.5747480392456055
7.58628511428833
7.598196029663086
7.611583948135376
7.622980117797852
7.635570049285889
7.647696256637573
7.660645008087158
7.672903776168823
7.685308933258057
7.696498870849609
7.708089113235474
7.7219061851501465
7.734543085098267
7.7455058097839355
7.75642991065979
7.767189979553223
7.777786731719971
7.789683103561401
7.801551103591919
7.814666032791138
7.826143980026245
7.837008714675903
7.849558115005493
7.860374927520752
7.873550176620483
7.885148286819458
7.898453950881958
7.909171104431152
7.920978784561157
7.932142972946167
7.944431781768799
7.957147121429443
7.967711925506592
7.97939395904541
7.991194725036621
8.005022048950195
8.018610954284668
8.031110048294067
8.043474197387695
8.056360960006714
8.066906929016113
8.077728033065796
8.089738607406616
8.100584983825684
8.111603021621704
8.122991800308228
8.135586738586426
8.147160053253174
8.158500909805298
8.172032117843628
8.183289766311646
8.196871280670166
8.208152055740356
8.221898078918457
8.234895944595337
8.247927188873291
8.258907794952393
8.271352052688599
8.284555196762085
8.297975063323975
8.310755014419556
8.32174015045166
8.332509994506836
8.34411096572876
8.355155944824219
8.366505146026611
8.377863883972168
8.389594078063965
8.403315782546997
8.414484024047852
8.427397966384888
8.438346147537231
8.449419975280762
8.462310791015625
8.472961902618408
8.485539197921753
8.497260093688965
8.50885820388794
8.521316051483154
8.534204006195068
8.545232772827148
8.55626392364502
8.568629026412964
8.580498933792114
8.591533899307251
8.602880954742432
8.614696979522705
8.62766695022583
8.638782262802124
8.649611234664917
8.66065001487732
8.672399759292603
8.68355679512024
8.695014238357544
8.706151723861694
8.717484951019287
8.730411052703857
8.741698026657104
8.75282597541809
8.765229940414429
8.776403903961182
8.787546873092651
8.79940390586853
8.811007022857666
8.822120189666748
8.833100080490112
8.844101905822754
8.854907035827637
8.865981101989746
8.876950025558472
8.888476133346558
8.899587154388428
8.910881042480469
8.923962831497192
8.934941053390503
8.947656869888306
8.958698272705078
8.970728874206543
8.981686115264893
8.99383020401001
9.005643844604492
9.017055034637451
9.027919054031372
9.039055109024048
9.050318002700806
9.062423706054688
9.074552774429321
9.086071729660034
9.097358703613281
9.111232995986938
9.124181985855103
9.135265827178955
9.14637303352356
9.159127950668335
9.170889854431152
9.182433128356934
9.19589900970459
9.20756983757019
9.218727111816406
9.231773853302002
9.244326114654541
9.25504994392395
9.267643928527832
9.27928876876831
9.293056964874268
9.306797981262207
9.319944143295288
9.330857992172241
9.34207820892334
9.353075981140137
9.363735914230347
9.375457048416138
9.388593912124634
9.399924993515015
9.411458015441895
9.422129154205322
9.435118198394775
9.447312831878662
9.459680795669556
9.471124172210693
9.482662916183472
9.494129180908203
9.507903099060059
9.521098136901855
9.534106016159058
9.546902656555176
9.558030128479004
9.569925785064697
9.58165979385376
9.59289026260376
9.605292797088623
9.616297006607056
9.627094030380249
9.639167308807373
9.651611804962158
9.663672924041748
9.674615144729614
9.686391115188599
9.700271129608154
9.71174693107605
9.722214221954346
9.733335018157959
9.745997905731201
9.75705099105835
9.767951250076294
9.781168937683105
9.792846918106079
9.806578159332275
9.818809032440186
9.829293251037598
9.84039306640625
9.85111689567566
9.861923217773438
9.875030040740967
9.887556076049805
9.899017095565796
9.911497831344604
9.923573970794678
9.936222076416016
9.948699235916138
9.960884094238281
9.972239971160889
9.984028816223145
9.997759819030762
10.011014938354492
10.022488117218018
10.035315036773682
10.04645299911499
10.057395935058594
10.069089889526367
10.08228611946106
10.092957019805908
10.106322765350342
10.117161273956299
10.129534006118774
10.142178773880005
10.154223918914795
10.165858030319214
10.177023887634277
10.190845012664795
10.202095031738281
10.215095043182373
10.226038932800293
10.237175941467285
10.249988794326782
10.26115083694458
10.272715091705322
10.284178972244263
10.298082113265991
10.309944152832031
10.322882175445557
10.333839893341064
10.345065832138062
10.356908082962036
10.368941068649292
10.380698919296265
10.393777132034302
10.406600952148438
10.417524099349976
10.429295301437378
10.440458059310913
10.451838970184326
10.462703943252563
10.474581003189087
10.488234996795654
10.500627756118774
10.514023065567017
10.524849891662598
10.535820007324219
10.547135829925537
10.558854103088379
10.57190990447998
10.58332896232605
10.59499979019165
10.608853816986084
10.621052026748657
10.632513046264648
10.643118858337402
10.653780937194824
10.664607048034668
10.67588996887207
10.687618017196655
10.69887089729309
10.710174083709717
10.721368074417114
10.73191785812378
10.742787837982178
10.754528045654297
10.767151117324829
10.778888940811157
10.791261911392212
10.803339958190918
10.814337968826294
10.824935913085938
10.83566403388977
10.846562147140503
10.857193946838379
10.869178056716919
10.880771160125732
10.892760753631592
10.903971195220947
10.915938138961792
10.926933765411377
10.938920974731445
10.951149940490723
10.962644100189209
10.974011182785034
10.984966039657593
10.996623039245605
11.010068893432617
11.023092031478882
11.033735036849976
11.044894218444824
11.057713747024536
11.068943977355957
11.080044031143188
11.091073036193848
11.102901935577393
11.116020917892456
11.126966953277588
11.138039112091064
11.149517059326172
11.160866022109985
11.17223596572876
11.185733795166016
11.196968078613281
11.207957029342651
11.218599796295166
11.229716062545776
11.242173910140991
11.253159284591675
11.264531135559082
11.27697205543518
11.288286209106445
11.300954818725586
11.312608003616333
11.324439764022827
11.335245847702026
11.347222805023193
11.358466863632202
11.370432138442993
11.384035110473633
11.395264148712158
11.40616488456726
11.419065713882446
11.429665088653564
11.440151929855347
11.451446771621704
11.462851762771606
11.474204778671265
11.485350847244263
11.49649691581726
11.509646892547607
11.522391080856323
11.533305883407593
11.545148849487305
11.555927038192749
11.567852973937988
11.579190015792847
11.590072870254517
11.601775169372559
11.61472201347351
11.627660036087036
11.638582944869995
11.64975905418396
11.66200876235962
11.673070907592773
11.686419010162354
11.697467803955078
11.71038007736206
11.723497152328491
11.73569393157959
11.7467679977417
11.757901191711426
11.769021272659302
11.782756090164185
11.7948739528656
11.805943250656128
11.816931009292603
11.829479932785034
11.840476989746094
11.851099252700806
11.862473011016846
11.873673915863037
11.887410879135132
11.89894700050354
11.909981966018677
11.920896053314209
11.93267822265625
11.94375991821289
11.955672025680542
11.966385126113892
11.977735996246338
11.98885989189148
12.000179767608643
12.010653018951416
12.02183198928833
12.034872055053711
12.045232057571411
12.056940078735352
