0.0010769367218017578
0.01154327392578125
0.022262096405029297
0.034146785736083984
0.044950008392333984
0.05684924125671387
0.06763696670532227
0.07816886901855469
0.0903480052947998
0.10084390640258789
0.11129188537597656
0.12228703498840332
0.1345961093902588
0.14604997634887695
0.15800690650939941
0.16969823837280273
0.18119192123413086
0.19415593147277832
0.20589804649353027
0.2164750099182129
0.22992491722106934
0.24092793464660645
0.2518441677093506
0.2651669979095459
0.2767641544342041
0.29049181938171387
0.3033018112182617
0.314744234085083
0.3258798122406006
0.3374021053314209
0.34813404083251953
0.3594090938568115
0.37210798263549805
0.38539910316467285
0.3963000774383545
0.4084479808807373
0.4200119972229004
0.4330620765686035
0.4446079730987549
0.4567141532897949
0.4679419994354248
0.4808168411254883
0.492175817489624
0.5054280757904053
0.5161221027374268
0.5284748077392578
0.5401880741119385
0.5519580841064453
0.5641112327575684
0.5749838352203369
0.5860612392425537
0.598613977432251
0.6102120876312256
0.6234450340270996
0.6345782279968262
0.647723913192749
0.6587040424346924
0.6695020198822021
0.6803910732269287
0.6915199756622314
0.7027738094329834
0.7139239311218262
0.72560715675354
0.7369999885559082
0.749204158782959
0.7611339092254639
0.7743947505950928
0.7859559059143066
0.7964639663696289
0.8076527118682861
0.8185510635375977
0.8299119472503662
0.8413732051849365
0.8528838157653809
0.8639559745788574
0.8751711845397949
0.8868680000305176
0.898184061050415
0.9111080169677734
0.922644853591919
0.9340939521789551
0.9449961185455322
0.9566748142242432
0.9687390327453613
0.9799292087554932
0.9927089214324951
1.005641222000122
1.0172462463378906
1.0292589664459229
1.040583848953247
1.0520577430725098
1.0642130374908447
1.0759050846099854
1.0883519649505615
1.1020500659942627
1.1152379512786865
1.1272099018096924
1.1387710571289062
1.1503691673278809
1.163600206375122
1.1742122173309326
1.1867461204528809
1.1974241733551025
1.2092268466949463
1.2199430465698242
1.2332401275634766
1.245751142501831
1.2572588920593262
1.2703030109405518
1.2812211513519287
1.293233871459961
1.3042209148406982
1.3162248134613037
1.327582836151123
1.3392326831817627
1.3530230522155762
1.366438865661621
1.3770439624786377
1.3880488872528076
1.398470163345337
1.409510850906372
1.4214320182800293
1.4348320960998535
1.447810173034668
1.459047794342041
1.4698331356048584
1.4817769527435303
1.4945571422576904
1.506531000137329
1.5171771049499512
1.5286519527435303
1.5418601036071777
1.5556678771972656
1.5685157775878906
1.5805459022521973
1.5916378498077393
1.6029469966888428
1.6141161918640137
1.6274209022521973
1.6412608623504639
1.6524477005004883
1.6655962467193604
1.6765408515930176
1.689182996749878
1.701875925064087
1.712630033493042
1.7260496616363525
1.7381768226623535
1.7498531341552734
1.7624270915985107
1.7738020420074463
1.784862995147705
1.7959980964660645
1.8071870803833008
1.8201708793640137
1.8313369750976562
1.8425440788269043
1.8545877933502197
1.8652501106262207
1.875990867614746
1.8872218132019043
1.8978559970855713
1.9108808040618896
1.9235692024230957
1.9344141483306885
1.9456019401550293
1.9575231075286865
1.9688529968261719
1.979896068572998
1.9928178787231445
2.0036747455596924
2.0163979530334473
2.0296249389648438
2.04311203956604
2.0545289516448975
2.065793037414551
2.077194929122925
2.088484287261963
2.100965976715088
2.1137161254882812
2.125309944152832
2.1368579864501953
2.1481802463531494
2.160689115524292
2.1716649532318115
2.183861017227173
2.1950488090515137
2.2076311111450195
2.2196760177612305
2.2318642139434814
2.2431511878967285
2.256002187728882
2.2665951251983643
2.277348756790161
2.2896249294281006
2.30249285697937
2.3154678344726562
2.327467918395996
2.3386471271514893
2.3512978553771973
2.364525079727173
2.375138759613037
2.3880999088287354
2.398629903793335
2.4111039638519287
2.4220380783081055
2.4334590435028076
2.4452197551727295
2.4563493728637695
2.4673149585723877
2.480201005935669
2.493366003036499
2.5047101974487305
2.5160350799560547
2.5298259258270264
2.541637897491455
2.5541539192199707
2.5650837421417236
2.5757899284362793
2.5869948863983154
2.5976619720458984
2.6094770431518555
2.620720863342285
2.63212513923645
2.6451659202575684
2.6563568115234375
2.667032241821289
2.67799711227417
2.6890907287597656
2.700079917907715
2.710725784301758
2.722676992416382
2.7335898876190186
2.744457960128784
2.7558889389038086
2.7668800354003906
2.779754161834717
2.790289878845215
2.801759958267212
2.8138439655303955
2.8249919414520264
2.8382620811462402
2.8497300148010254
2.860579013824463
2.872437000274658
2.8835999965667725
2.897390127182007
2.909947156906128
2.921804666519165
2.933807134628296
2.945517063140869
2.956667900085449
2.9679601192474365
2.979490041732788
2.9920899868011475
3.0036580562591553
3.0160608291625977
3.0273332595825195
3.0382766723632812
3.0490779876708984
3.0603270530700684
3.072870969772339
3.084399938583374
3.0977747440338135
3.108947992324829
3.120443820953369
3.1319079399108887
3.143012046813965
3.1546590328216553
3.1677980422973633
3.18088698387146
3.19291090965271
3.203695058822632
3.214622974395752
3.226205825805664
3.237090826034546
3.250478744506836
3.263845682144165
3.276726007461548
3.288578987121582
3.2997968196868896
3.311012029647827
3.324652910232544
3.336440086364746
3.347590923309326
3.358452081680298
3.3694169521331787
3.382521867752075
3.3954050540924072
3.4071521759033203
3.41813588142395
3.4322071075439453
3.4437289237976074
3.455009698867798
3.4680449962615967
3.4803318977355957
3.4922633171081543
3.5035641193389893
3.5145018100738525
3.5280539989471436
3.53971004486084
3.550936698913574
3.5638909339904785
3.575514078140259
3.586251974105835
3.5984132289886475
3.6105332374572754
3.6219630241394043
3.6335151195526123
3.6456551551818848
3.6573832035064697
3.6700589656829834
3.68088698387146
3.692582130432129
3.7032630443573
3.7158877849578857
3.727107048034668
3.738363027572632
3.750048875808716
3.7617850303649902
3.7748188972473145
3.7857179641723633
3.797468900680542
3.8084359169006348
3.8209216594696045
3.8343329429626465
3.845350980758667
3.8566410541534424
3.868427038192749
3.8788700103759766
3.890544891357422
3.902385950088501
3.913792848587036
3.926424980163574
3.938184976577759
3.949265956878662
3.9603400230407715
3.9721381664276123
3.9833338260650635
3.9948699474334717
4.007131814956665
4.0181849002838135
4.02924108505249
4.040452241897583
4.051723003387451
4.062688827514648
4.0732810497283936
4.083910942077637
4.094362020492554
4.105629920959473
4.116415023803711
4.128093004226685
4.140020370483398
4.151268243789673
4.162853956222534
4.174023151397705
4.18523097038269
4.196416854858398
4.209277868270874
4.222555875778198
4.233529090881348
4.244744300842285
4.255846261978149
4.268654108047485
4.280564785003662
4.2932822704315186
4.30651593208313
4.31793999671936
4.329477310180664
4.340604066848755
4.35363507270813
4.3644349575042725
4.375231981277466
4.388239145278931
4.401007652282715
4.412581205368042
4.424546957015991
4.436037063598633
4.449318170547485
4.460444927215576
4.472198247909546
4.483804941177368
4.496355056762695
4.507688999176025
4.519243955612183
4.530349969863892
4.543986797332764
4.556004285812378
4.568227052688599
4.5789570808410645
4.5904700756073
4.603346347808838
4.616299867630005
4.627792835235596
4.640130996704102
4.650774002075195
4.662798881530762
4.673901081085205
4.686560869216919
4.697765827178955
4.709425687789917
4.721516847610474
4.733032941818237
4.745841979980469
4.758352756500244
4.769556283950806
4.780300617218018
4.793055057525635
4.805678129196167
4.817811965942383
4.83001971244812
4.8420569896698
4.85454797744751
4.865872144699097
4.877241849899292
4.8905861377716064
4.902011156082153
4.913573741912842
4.924392938613892
4.935582876205444
4.9470672607421875
4.957906723022461
4.9703757762908936
4.983037948608398
4.99372410774231
5.007009983062744
5.0204949378967285
5.032505989074707
5.04460597038269
5.057770013809204
5.068902969360352
5.081835031509399
5.093179941177368
5.106154918670654
5.117471218109131
5.1284050941467285
5.140143156051636
5.15319561958313
5.163719177246094
5.17671799659729
5.188019275665283
5.199420213699341
5.210936069488525
5.22432804107666
5.235590934753418
5.246516942977905
5.258622169494629
5.270432710647583
5.281930923461914
5.294067144393921
5.306703090667725
5.320098876953125
5.333001136779785
5.345456123352051
5.356384038925171
5.3689048290252686
5.381541013717651
5.392154932022095
5.403017997741699
5.414468050003052
5.4257307052612305
5.436938047409058
5.447489023208618
5.460068225860596
5.4725141525268555
5.484627962112427
5.496633768081665
5.5098278522491455
5.520754098892212
5.531917095184326
5.542932033538818
5.556057929992676
5.5674309730529785
5.578394889831543
5.58931827545166
5.600614786148071
5.612803936004639
5.625286817550659
5.636792182922363
5.648868799209595
5.659925699234009
5.6705100536346436
5.681724309921265
5.692528009414673
5.703468084335327
5.715475797653198
5.726871967315674
5.740123987197876
5.753309011459351
5.766535758972168
5.778086185455322
5.79049277305603
5.804078102111816
5.8157548904418945
5.827055215835571
5.839362144470215
5.851664066314697
5.863008975982666
5.8766608238220215
5.88838005065918
5.901911020278931
5.913352966308594
5.925137042999268
5.93837308883667
5.9508140087127686
5.962239027023315
5.973773956298828
5.986892938613892
5.998620986938477
6.0107738971710205
6.023699998855591
6.036447048187256
6.048147916793823
6.0589070320129395
6.070269823074341
6.08073091506958
6.091639757156372
6.103432893753052
6.114701986312866
6.12730598449707
6.139250040054321
6.149710178375244
6.162444114685059
6.175279140472412
6.186874151229858
6.197918891906738
6.20885705947876
6.221848964691162
6.23564600944519
6.246324062347412
6.25917387008667
6.271757125854492
6.284669876098633
6.295504808425903
6.30633807182312
6.317629098892212
6.329277038574219
6.3398518562316895
6.350463151931763
6.3615429401397705
6.373691082000732
6.384845972061157
6.396245956420898
6.406954765319824
6.420032024383545
6.431066036224365
6.442748308181763
6.454452991485596
6.466112852096558
6.477612018585205
6.4904890060424805
6.501762866973877
6.5131120681762695
6.526717901229858
6.537992238998413
6.549094915390015
6.560971736907959
6.572103977203369
6.584021091461182
6.595792293548584
6.608219861984253
6.6200361251831055
6.631845235824585
6.642638206481934
6.655364990234375
6.667040824890137
6.678179740905762
6.689946174621582
6.70084285736084
6.713908910751343
6.725925922393799
6.736678123474121
6.748275995254517
6.7588050365448
6.770889043807983
6.783105850219727
6.794620990753174
6.807265043258667
6.8200767040252686
6.8311686515808105
6.842664957046509
6.85459303855896
6.86566686630249
6.878862142562866
6.890498876571655
6.901733875274658
6.914409875869751
6.925485849380493
6.937363862991333
6.94865608215332
6.961100101470947
6.972155809402466
6.982872009277344
6.99426794052124
7.0067689418792725
7.018167018890381
7.029706239700317
7.041239023208618
7.0534892082214355
7.0653908252716064
7.077045917510986
7.088178873062134
7.100343942642212
7.111617088317871
7.122626066207886
7.136276006698608
7.147749185562134
7.1589789390563965
7.169556140899658
7.180127143859863
7.192157983779907
7.203942060470581
7.216409683227539
7.228300094604492
7.241993188858032
7.2555718421936035
7.2672789096832275
7.279030084609985
7.290585041046143
7.302370071411133
7.314517974853516
7.32662296295166
7.337556838989258
7.3486058712005615
7.3605358600616455
7.373750925064087
7.386983156204224
7.397917747497559
7.40953803062439
7.4209160804748535
7.4326090812683105
7.4463090896606445
7.457344055175781
7.4688122272491455
7.48058009147644
7.492111921310425
7.505831003189087
7.518130302429199
7.530160188674927
7.540853023529053
7.551990032196045
7.564873218536377
7.577588796615601
7.58868670463562
7.600478887557983
7.612323760986328
7.624770164489746
7.6378302574157715
7.65011191368103
7.661924123764038
7.672353029251099
7.685528993606567
7.696626901626587
7.707773923873901
7.718544960021973
7.729718923568726
7.740995645523071
7.753078937530518
7.764606952667236
7.777300119400024
7.789015769958496
7.800458908081055
7.812156915664673
7.824918985366821
7.836656332015991
7.848326921463013
7.862173080444336
7.873507022857666
7.8854100704193115
7.897103786468506
7.907969951629639
7.91919469833374
7.930519104003906
7.941673994064331
7.954822301864624
7.968408107757568
7.98015022277832
7.990944147109985
8.002629041671753
8.0140700340271
8.024994134902954
8.036574840545654
8.047670841217041
8.061180114746094
8.072122812271118
8.084006071090698
8.095412015914917
8.106358051300049
8.117609977722168
8.128223180770874
8.138996362686157
8.151289224624634
8.162446975708008
8.17455005645752
8.185901641845703
8.199244022369385
8.212255954742432
8.223731994628906
8.235919713973999
8.248713254928589
8.259772062301636
8.272605180740356
8.285125732421875
8.29643702507019
8.308043956756592
8.318704843521118
8.329384088516235
8.339900016784668
8.351046323776245
8.364202737808228
8.375669002532959
8.387005090713501
8.398251056671143
8.409987211227417
8.421758890151978
8.433876991271973
8.444624900817871
8.457636833190918
8.468549251556396
8.47984504699707
8.491515874862671
8.504899024963379
8.516069889068604
8.527324914932251
8.538722038269043
8.552206993103027
8.564789056777954
8.578850984573364
8.591798067092896
8.602546215057373
8.61353611946106
8.624428033828735
8.635290145874023
8.647020101547241
8.657994985580444
8.67090892791748
8.682102918624878
8.693381071090698
8.707352638244629
8.71812915802002
8.731275081634521
8.742404699325562
8.753157138824463
8.76425814628601
8.775816917419434
8.788002967834473
8.799729824066162
8.811180830001831
8.821861028671265
8.832489967346191
8.845438241958618
8.855968952178955
8.867496013641357
8.881207942962646
8.892133951187134
8.90482211112976
8.916135311126709
8.9271240234375
8.937591075897217
8.949632167816162
8.961663961410522
8.973276853561401
8.984557867050171
8.996320009231567
9.008342981338501
9.020279169082642
9.033262968063354
9.045894145965576
9.057131052017212
9.068629026412964
9.080315828323364
9.091278076171875
9.103057146072388
9.114265203475952
9.12747073173523
9.138545989990234
9.149049758911133
9.160945177078247
9.172887086868286
9.184476852416992
9.196831941604614
9.207945108413696
9.219300985336304
9.231657981872559
9.24337887763977
9.254555225372314
9.266457080841064
9.279500961303711
9.291851043701172
9.302528858184814
9.31342101097107
9.324088096618652
9.33708119392395
9.350094079971313
9.36203408241272
9.375017166137695
9.387820959091187
9.399516105651855
9.411729335784912
9.422477006912231
9.434071063995361
9.444534063339233
9.455642223358154
9.468638896942139
9.480257034301758
9.491594076156616
9.505244255065918
9.516417026519775
9.529282093048096
9.54098105430603
9.553961992263794
9.564965009689331
9.576023817062378
9.587147951126099
9.600974798202515
9.612908601760864
9.625627994537354
9.637969970703125
9.649213790893555
9.660794019699097
9.672415971755981
9.683661937713623
9.69525694847107
9.707046031951904
9.718569993972778
9.731714963912964
9.743102073669434
9.755289077758789
9.766209125518799
9.778836011886597
9.790001153945923
9.802127122879028
9.814889907836914
9.826051712036133
9.837638139724731
9.848087072372437
9.859755039215088
9.871282815933228
9.88345193862915
9.896193027496338
9.907803058624268
9.92069411277771
9.931335926055908
9.943036079406738
9.954382181167603
9.965925931930542
9.977972030639648
9.989346981048584
10.000675916671753
10.013000011444092
10.025568962097168
10.037344932556152
10.048029899597168
10.060857057571411
10.072826147079468
10.084285259246826
10.095498085021973
10.106284856796265
10.117603063583374
10.12844705581665
10.139702796936035
10.150914192199707
10.1614248752594
10.173250913619995
10.184587001800537
10.197110176086426
10.208661079406738
10.221741914749146
10.233463048934937
10.244489908218384
10.255040884017944
10.266607999801636
10.279810905456543
10.291476964950562
10.30299711227417
10.315299987792969
10.326292991638184
10.337807178497314
10.350394010543823
10.361242771148682
10.37362790107727
10.384557008743286
10.395997047424316
10.407266616821289
10.418243169784546
10.430079936981201
10.442325115203857
10.454075813293457
10.464870929718018
10.476822853088379
10.488676071166992
10.50086784362793
10.512140989303589
10.524961948394775
10.537516117095947
10.547981023788452
10.559453964233398
10.571189880371094
10.58302092552185
10.596933126449585
10.608119010925293
10.620630979537964
10.633434772491455
10.645601987838745
10.656733751296997
10.668461084365845
10.679486989974976
10.69115686416626
10.70363998413086
10.714582204818726
10.725300073623657
10.735883951187134
10.746821165084839
10.757899045944214
10.769373178482056
10.780588865280151
10.792258977890015
10.805553913116455
10.818614959716797
10.832262754440308
10.843852996826172
10.856614828109741
10.868937969207764
10.880094766616821
10.891636848449707
10.90312910079956
10.914649724960327
10.925962209701538
10.937177181243896
10.948146104812622
10.95920205116272
10.971165895462036
10.982667922973633
10.993555784225464
11.005239009857178
11.016451120376587
11.026985883712769
11.040029048919678
11.050917863845825
11.06452202796936
11.075517892837524
11.08793306350708
11.099617004394531
11.11055302619934
11.121407985687256
11.13188910484314
11.144861936569214
11.157367944717407
11.168667793273926
11.18215298652649
11.193318128585815
11.204996824264526
11.215863227844238
11.22662091255188
11.239428758621216
11.250179290771484
11.261981964111328
11.273197174072266
11.286976099014282
11.298123836517334
11.308979034423828
11.320223808288574
11.333336114883423
11.345502138137817
11.35848331451416
11.369724035263062
11.380959033966064
11.393172979354858
11.405143737792969
11.416757106781006
11.42812705039978
11.440244913101196
11.45198392868042
11.463168859481812
11.474987030029297
11.488471031188965
11.499661684036255
11.511975049972534
11.523478031158447
11.534153938293457
11.545475959777832
11.556445837020874
11.567322015762329
11.578090906143188
11.589437246322632
11.60252594947815
11.615623235702515
11.627368927001953
11.638455152511597
11.649577856063843
11.660307168960571
11.672025918960571
11.683778047561646
11.695649862289429
11.70673418045044
11.718496084213257
11.730875968933105
11.743090867996216
11.754165887832642
11.765328168869019
11.776352167129517
11.788218975067139
11.801512241363525
11.81256103515625
11.825441122055054
11.836717128753662
11.84968900680542
11.861194133758545
11.872112035751343
11.884469032287598
11.895755052566528
11.908059120178223
11.919165134429932
11.930329084396362
11.940999031066895
11.951878786087036
11.965164184570312
11.977144956588745
11.988286256790161
12.000035047531128
12.010653018951416
12.023463726043701
12.03422498703003
12.045310020446777
12.05699610710144
6.079557180404663
6.092375040054321
6.103021621704102
6.114246129989624
6.126521110534668
6.137478351593018
6.148460149765015
6.16137433052063
6.174393177032471
6.186113119125366
6.197415828704834
6.208846092224121
6.221937894821167
6.234832048416138
6.245865106582642
6.257293939590454
6.269810914993286
6.281264066696167
6.292873859405518
6.304188013076782
6.31525993347168
6.326489210128784
6.337159872055054
6.347996950149536
6.3595521450042725
6.372786045074463
6.38390588760376
6.395155906677246
6.4064130783081055
6.418946743011475
6.430193901062012
6.4414222240448
6.453230142593384
6.465522766113281
6.47936224937439
6.490734815597534
6.502367973327637
6.514761924743652
6.527662754058838
6.5399909019470215
6.551539897918701
6.562244176864624
6.5732200145721436
6.584134101867676
6.598260879516602
6.609632730484009
6.6207990646362305
6.632570028305054
6.644129991531372
6.6573827266693115
6.669479846954346
6.681035995483398
6.692615270614624
6.703495025634766
6.715275049209595
6.726891994476318
6.7378010749816895
6.749173164367676
6.7600672245025635
6.7711851596832275
6.784296989440918
6.796063184738159
6.808477163314819
6.821510076522827
6.833370923995972
6.8443169593811035
6.855586051940918
6.8681840896606445
6.88028883934021
6.892388105392456
6.90302586555481
6.913700819015503
6.924827337265015
6.935728073120117
6.948690176010132
6.960722923278809
6.971912860870361
6.983467102050781
6.9952552318573
7.0062761306762695
7.019333839416504
7.030953884124756
7.042019844055176
7.054150819778442
7.065664052963257
7.07724404335022
7.0887451171875
7.102031946182251
7.113546848297119
7.124522924423218
7.135403871536255
7.146487712860107
7.159151077270508
7.170920133590698
7.18234395980835
7.193252325057983
7.2066490650177
7.217708110809326
7.228474140167236
7.2415831089019775
7.252424001693726
7.2659080028533936
7.27728796005249
7.289460182189941
7.302470922470093
7.313417911529541
7.325910806655884
7.337377071380615
7.348617076873779
7.359687328338623
7.371495008468628
7.38295316696167
7.394191026687622
7.404851198196411
7.41585111618042
7.426795959472656
7.437968969345093
7.450733184814453
7.462021112442017
7.473706007003784
7.4868810176849365
7.499585151672363
7.512617111206055
7.525158166885376
7.536329030990601
7.547361135482788
7.558516979217529
7.569401741027832
7.5826191902160645
7.5941009521484375
7.6050238609313965
7.6176230907440186
7.62923789024353
7.641372919082642
7.652060031890869
7.663142204284668
7.6744489669799805
7.687433958053589
7.698311805725098
7.709590911865234
7.720410108566284
7.730939865112305
7.7425971031188965
7.754131078720093
7.76540994644165
7.776463747024536
7.7871928215026855
7.7986109256744385
7.809693813323975
7.8206868171691895
7.832474946975708
7.843341112136841
7.85531210899353
7.867363691329956
7.881239891052246
7.892328977584839
7.903359889984131
7.915174961090088
7.9267191886901855
7.940310001373291
7.951438903808594
7.962850093841553
7.973844051361084
7.984982013702393
7.996638774871826
8.007922887802124
8.018990755081177
8.030802965164185
8.04196310043335
8.054887056350708
8.066280126571655
8.077819347381592
8.088682889938354
8.100488901138306
8.111438035964966
8.122334003448486
8.13422703742981
8.145508766174316
8.157036066055298
8.170412063598633
8.181510925292969
8.192407846450806
8.203646898269653
8.21663784980774
8.228258848190308
8.23997187614441
8.253100156784058
8.26524305343628
8.276189088821411
8.28798794746399
8.299294233322144
8.310739755630493
8.322103023529053
8.334569215774536
8.34731912612915
8.358925104141235
8.372591972351074
8.383591890335083
8.396216869354248
8.40696930885315
8.418108940124512
8.429222822189331
8.440374851226807
8.451722860336304
8.462585687637329
8.475486993789673
8.488330841064453
8.501118898391724
8.512239933013916
8.524715900421143
8.53767704963684
8.550771951675415
8.561835050582886
8.574444055557251
8.585832118988037
8.596717834472656
8.60909104347229
8.619620084762573
8.632312774658203
8.643997192382812
8.655266046524048
8.666420936584473
8.678196907043457
8.69012975692749
8.701048135757446
8.712188959121704
8.725278854370117
8.736310005187988
8.747610807418823
8.761375904083252
8.774090051651001
8.785390138626099
8.796120882034302
8.80767273902893
8.819116115570068
8.831417083740234
8.843310832977295
8.85563325881958
8.867065906524658
8.879123210906982
8.890310764312744
8.90120005607605
8.912025213241577
8.923418760299683
8.93424391746521
8.945616960525513
8.95655608177185
8.967555046081543
8.97865891456604
8.990588903427124
9.00142502784729
9.012358903884888
9.024375915527344
9.03709602355957
9.048060178756714
9.05882215499878
9.069458246231079
9.081177234649658
9.092886686325073
9.106369018554688
9.118345022201538
9.131921768188477
9.143043756484985
9.154841184616089
9.16745901107788
9.1788489818573
9.192018032073975
9.203152179718018
9.213921785354614
9.225238800048828
9.236084938049316
9.247448921203613
9.258705854415894
9.269812822341919
9.281148910522461
9.29349398612976
9.304949045181274
9.317986249923706
9.330633878707886
9.341553926467896
9.35265302658081
9.363646984100342
9.375918865203857
9.387219190597534
9.397801160812378
9.409317016601562
9.42038869857788
9.433526039123535
9.445698022842407
9.458590984344482
9.469617128372192
9.480550289154053
9.491950035095215
9.502942085266113
9.513406991958618
9.524473905563354
9.53730297088623
9.548483848571777
9.559913396835327
9.571161031723022
9.582369089126587
9.593374967575073
9.604229927062988
9.616330862045288
9.6284658908844
9.639608144760132
9.650876760482788
9.663211107254028
9.676378011703491
9.687186002731323
9.698610782623291
9.711588859558105
9.72438097000122
9.7361741065979
9.747473239898682
9.76095700263977
9.772719860076904
9.785313129425049
9.795829057693481
9.806445121765137
9.818193912506104
9.829969882965088
9.84322714805603
9.854437112808228
9.866180896759033
9.87717890739441
9.888338327407837
9.90150785446167
9.912497997283936
9.925202131271362
9.936667919158936
9.949563980102539
9.961297035217285
9.972491025924683
9.98354196548462
9.994616031646729
10.005611896514893
10.01875376701355
10.030227899551392
10.043501138687134
10.054720878601074
10.06571888923645
10.07706594467163
10.089931011199951
10.101240873336792
10.112740755081177
10.124191999435425
10.135304927825928
10.148065090179443
10.159899950027466
10.171787023544312
10.184802055358887
10.197205066680908
10.207749128341675
10.218770265579224
10.231379985809326
10.242789030075073
10.254667043685913
10.266412019729614
10.277992010116577
10.289177894592285
10.303231954574585
10.315248966217041
10.326518058776855
10.338939189910889
10.350057363510132
10.362143993377686
10.373799085617065
10.384929895401001
10.396696090698242
10.407305002212524
10.418984174728394
10.429860830307007
10.441106081008911
10.453850984573364
10.46613097190857
10.477478981018066
10.489238023757935
10.501624822616577
10.514384269714355
10.527141809463501
10.538833141326904
10.550457954406738
10.561218976974487
10.572189331054688
10.58312702178955
10.59388780593872
10.60485315322876
10.617040157318115
10.62801218032837
10.638804912567139
10.649680852890015
10.661107063293457
10.672695875167847
10.685787916183472
10.698125123977661
10.710731983184814
10.723286151885986
10.734867334365845
10.748382806777954
10.760219812393188
10.771472930908203
10.782736778259277
10.79381513595581
10.806824207305908
10.819413185119629
10.831300020217896
10.842769861221313
10.854366779327393
10.867967128753662
10.881108045578003
10.892214059829712
10.903409957885742
10.91633915901184
10.92837905883789
10.939379930496216
10.950746059417725
10.96256399154663
10.973608016967773
10.986750841140747
10.997726917266846
11.008434057235718
11.021141052246094
11.03377389907837
11.044620990753174
11.055278062820435
11.066320896148682
11.077713966369629
11.088303089141846
11.099875926971436
11.11146068572998
11.122467994689941
11.13321328163147
11.14444875717163
11.156651020050049
11.170133113861084
11.181061267852783
11.192656993865967
11.203534841537476
11.214799165725708
11.227676153182983
11.238624095916748
11.250028848648071
11.260769128799438
11.27213978767395
11.28560495376587
11.297410726547241
11.308848857879639
11.319951057434082
11.331165075302124
11.342270851135254
11.35495400428772
11.368293046951294
11.379350900650024
11.39150881767273
11.40222430229187
11.413354396820068
11.425190210342407
11.436156988143921
11.447751998901367
11.459024906158447
11.469854831695557
11.48113203048706
11.492049932479858
11.504472017288208
11.517035007476807
11.528648853302002
11.539828062057495
11.551242113113403
11.562499046325684
11.57589077949524
11.587388038635254
11.598475217819214
11.609477043151855
11.62227988243103
11.633341789245605
11.64512586593628
11.65660285949707
11.670440196990967
11.682017087936401
11.69488000869751
11.705811977386475
11.716279745101929
11.728121042251587
11.740370035171509
11.754021883010864
11.766549110412598
11.779751777648926
11.790901184082031
11.802491188049316
11.813414096832275
11.824274778366089
11.83680009841919
11.847875118255615
11.859663248062134
11.87345290184021
11.885356187820435
11.898318767547607
11.91063904762268
11.921740055084229
11.933658838272095
11.944916009902954
11.956401824951172
11.9683678150177
11.980800867080688
11.993484020233154
12.006045818328857
12.018302917480469
12.031134128570557
12.044196844100952
12.05762505531311
12.068540096282959
6.081425905227661
6.093187093734741
6.104466915130615
6.117034196853638
6.12848424911499
6.139378070831299
6.151850938796997
6.162894010543823
6.175351858139038
6.187788009643555
6.199187994003296
6.211206912994385
6.221688985824585
6.232696056365967
6.243683099746704
6.25539493560791
6.266476154327393
6.277690172195435
6.29045295715332
6.303328037261963
6.314511775970459
6.326169013977051
6.338556289672852
6.350305795669556
6.361721992492676
6.373656749725342
6.384322881698608
6.396898031234741
6.40938401222229
6.422289848327637
6.433649063110352
6.446953773498535
6.459671258926392
6.471768140792847
6.482320308685303
6.493494987487793
6.504760980606079
6.517027854919434
6.529728174209595
6.543325901031494
6.554428815841675
6.565870046615601
6.576816082000732
6.588712215423584
6.601043939590454
6.611836910247803
6.624945878982544
6.6363348960876465
6.648189067840576
6.659598112106323
6.672069072723389
6.682965040206909
6.6952292919158936
6.706708908081055
6.71816611289978
6.731287002563477
6.742274761199951
6.755399942398071
6.766407012939453
6.7774200439453125
6.789154052734375
6.8001251220703125
6.8111748695373535
6.822496175765991
6.833473205566406
6.846930265426636
6.859659194946289
6.871641159057617
6.88231897354126
6.8935511112213135
6.905612945556641
6.9184839725494385
6.931931972503662
6.94379997253418
6.9551451206207275
6.968502044677734
6.979341983795166
6.989890813827515
7.002086162567139
7.013359308242798
7.024884939193726
7.036747932434082
7.049946069717407
7.061155796051025
7.071983098983765
7.083150148391724
7.096121072769165
7.107698917388916
7.118833303451538
7.131788969039917
7.1424479484558105
7.154144048690796
7.164963006973267
7.175891876220703
7.187342643737793
7.199054002761841
7.210035800933838
7.221476793289185
7.234247207641602
7.246113061904907
7.257499694824219
7.269772052764893
7.281110048294067
7.293392896652222
7.304942846298218
7.316374063491821
7.327707290649414
7.340680122375488
7.352323770523071
7.365706920623779
7.37645697593689
7.389808893203735
7.401026010513306
7.41361403465271
7.426870107650757
7.440268039703369
7.453048944473267
7.466166019439697
7.476676940917969
7.488636016845703
7.500586748123169
7.512315034866333
7.52576470375061
7.537024021148682
7.548130989074707
7.559322834014893
7.571839094161987
7.583617925643921
7.59537410736084
7.6068830490112305
7.617578029632568
7.630042791366577
7.643365144729614
7.656466007232666
7.669958114624023
7.681509971618652
7.692487955093384
7.702948093414307
7.713681697845459
7.72704005241394
7.739672899246216
7.752864122390747
7.763675212860107
7.774356126785278
7.787122964859009
7.797630071640015
7.81076979637146
7.821753025054932
7.833200931549072
7.846019983291626
7.860027074813843
7.870714902877808
7.88126802444458
7.892882823944092
7.903849840164185
7.9155590534210205
7.926780939102173
7.940176725387573
7.950891971588135
7.963226318359375
7.975813865661621
7.986932992935181
7.999438047409058
8.012334108352661
8.025405883789062
8.036922216415405
8.050671100616455
8.063541173934937
8.075347900390625
8.086413860321045
8.098851919174194
8.109821081161499
8.12229609489441
8.134107828140259
8.145544290542603
8.15695595741272
8.169721126556396
8.180927991867065
8.192790031433105
8.203731298446655
8.21685004234314
8.227872133255005
8.241191148757935
8.252960920333862
8.263954877853394
8.274933099746704
8.286403179168701
8.29889702796936
8.309539794921875
8.320816278457642
8.332161903381348
8.345123767852783
8.358465194702148
8.370928049087524
8.381768941879272
8.392616987228394
8.405271053314209
8.416678190231323
8.427448987960815
8.438601970672607
8.449625015258789
8.460833072662354
8.472276210784912
8.483169078826904
8.495497941970825
8.506834030151367
8.520029783248901
8.531337976455688
8.543574094772339
8.555335998535156
8.567840099334717
8.581254720687866
8.593035697937012
8.605139255523682
8.616034030914307
8.627599239349365
8.638988971710205
8.650468826293945
8.661655902862549
8.673853158950806
8.685784101486206
8.696825981140137
8.707773923873901
8.718901872634888
8.729890823364258
8.741021871566772
8.752631902694702
8.763904094696045
8.774959087371826
8.785859823226929
8.79685926437378
8.807633876800537
8.818923950195312
8.831979036331177
8.843332052230835
8.854124069213867
8.864615201950073
8.876498937606812
8.889522075653076
8.901853799819946
8.914302825927734
8.925299882888794
8.937495946884155
8.948377847671509
8.959947109222412
8.972046852111816
8.982778072357178
8.994436025619507
9.00519871711731
9.01656198501587
9.029770135879517
9.041627168655396
9.052686214447021
9.0642728805542
9.077190160751343
9.088271856307983
9.10045313835144
9.111906051635742
9.124053001403809
9.135694980621338
9.149456977844238
9.161209106445312
9.172166109085083
9.18326187133789
9.19420313835144
9.205651760101318
9.218148946762085
9.229564905166626
9.241335153579712
9.253957748413086
9.265021324157715
9.277254104614258
9.2882080078125
9.300832986831665
9.312095880508423
9.323759078979492
9.336665868759155
9.348452806472778
9.359208822250366
9.370268821716309
9.383059978485107
9.394150018692017
9.405397653579712
9.41651201248169
9.42830204963684
9.442153930664062
9.452930212020874
9.465506792068481
9.47710108757019
9.488162994384766
9.498913049697876
9.510907888412476
9.524648904800415
9.538457155227661
9.549795866012573
9.563139200210571
9.574936151504517
9.585988283157349
9.597959995269775
9.60970401763916
9.621389150619507
9.632914066314697
9.644261837005615
9.655845880508423
9.668574094772339
9.680362939834595
9.69162392616272
9.702527046203613
9.713304042816162
9.724921941757202
9.73619031906128
9.749712944030762
9.761322021484375
9.773844003677368
9.785185098648071
9.796974182128906
9.809295892715454
9.821130990982056
9.832704067230225
9.84587812423706
9.858888864517212
9.870372772216797
9.881492137908936
9.89363694190979
9.905714988708496
9.916736125946045
9.92782998085022
9.93876314163208
9.949841976165771
9.962296724319458
9.974053859710693
9.985955715179443
9.997797966003418
10.01106882095337
10.022754192352295
10.03594708442688
10.047637939453125
10.060125827789307
10.071531057357788
10.082262992858887
10.095011234283447
10.106137037277222
10.118523120880127
10.129945039749146
10.141808032989502
10.15474820137024
10.167566061019897
10.178609132766724
10.189351081848145
10.201667070388794
10.213188171386719
10.225673913955688
10.236794233322144
10.248716115951538
10.259671211242676
10.270752191543579
10.28308892250061
10.294603824615479
10.307995080947876
10.321879148483276
10.333451986312866
10.344670057296753
10.357228994369507
10.368555068969727
10.380913019180298
10.39416790008545
10.405042886734009
10.416049242019653
10.426947832107544
10.438448905944824
10.449676036834717
10.46082592010498
10.472642183303833
10.484349012374878
10.494940996170044
10.506353855133057
10.51888108253479
10.531232118606567
10.542864799499512
10.555164098739624
10.565894842147827
10.577022075653076
10.588473081588745
10.59970498085022
10.61145806312561
10.622674942016602
10.634490013122559
10.647707223892212
10.660686016082764
10.671366214752197
10.68250823020935
10.693334102630615
10.705771923065186
10.716911792755127
10.729198694229126
10.740984916687012
10.753337860107422
10.76468563079834
10.775729894638062
10.788253784179688
10.799176931381226
10.812274932861328
10.82377815246582
10.835374116897583
10.846682071685791
10.858154058456421
10.868988037109375
10.880014896392822
10.892553091049194
10.903752088546753
10.915210962295532
10.927921295166016
10.941313028335571
10.952668905258179
10.963317155838013
10.976192951202393
10.987283945083618
10.999969005584717
11.011189222335815
11.022873163223267
11.033838987350464
11.044970989227295
11.055935859680176
11.066879987716675
11.078057050704956
11.091068029403687
11.102590084075928
11.116313934326172
11.127735137939453
11.139266967773438
11.152390956878662
11.16335391998291
11.176900148391724
11.1891348361969
11.200073957443237
11.213876008987427
11.227769136428833
11.241419076919556
11.253178119659424
11.266313076019287
11.278156042098999
11.290719985961914
11.304573774337769
11.318272829055786
11.330765008926392
11.341618061065674
11.352421998977661
11.36475419998169
11.376582145690918
11.387793064117432
11.400022029876709
11.411503076553345
11.42273497581482
11.434311151504517
11.44505500793457
11.45753812789917
11.46861982345581
11.480416059494019
11.491726875305176
11.502803087234497
11.515280961990356
11.527143955230713
11.538568258285522
11.550920963287354
11.562372922897339
11.575703144073486
11.586878061294556
11.599931001663208
11.614061117172241
11.625170946121216
11.636206865310669
11.649241924285889
11.6600661277771
11.67120099067688
11.682590007781982
11.693434000015259
11.70592999458313
11.7170090675354
11.728049755096436
11.738649845123291
11.751051664352417
11.761873722076416
11.774152040481567
11.785842180252075
11.79805612564087
11.808960199356079
11.820774793624878
11.834322929382324
11.847354888916016
11.860251188278198
11.872684955596924
11.885064363479614
11.897096872329712
11.9111909866333
11.924268960952759
11.936424970626831
11.949559688568115
11.962198972702026
11.975358009338379
11.988255023956299
12.002060174942017
12.013814926147461
12.025038003921509
12.036194086074829
12.047258853912354
12.058533906936646
12.071361064910889
12.08264970779419
12.095153093338013
12.106752634048462
12.118796110153198
12.130465984344482
6.1345601081848145
6.145949840545654
6.157258987426758
6.168830156326294
6.18143367767334
6.193102836608887
6.204344987869263
6.2181618213653564
6.229277849197388
6.240620136260986
6.253453254699707
6.265382766723633
6.278586149215698
6.290534257888794
6.302496910095215
6.314509868621826
6.327549934387207
6.340044975280762
6.351336240768433
6.362438917160034
6.374113082885742
6.385991811752319
6.39702582359314
6.408826112747192
6.420132875442505
6.433225154876709
6.444469928741455
6.456888198852539
6.469978094100952
6.4810450077056885
6.491976976394653
6.503417730331421
6.514660120010376
6.525656223297119
6.538369178771973
6.549024820327759
6.560115098953247
6.572793960571289
6.58407187461853
6.594917297363281
6.6080241203308105
6.618745803833008
6.631468057632446
6.64332127571106
6.654405832290649
6.667326927185059
6.678485155105591
6.690275192260742
6.701923131942749
6.714651346206665
6.727952718734741
6.73915696144104
6.750588893890381
6.763575077056885
6.774657964706421
6.787052154541016
6.798821926116943
6.810415983200073
6.822127819061279
6.835196018218994
6.847943067550659
6.860911130905151
6.871650695800781
6.8829591274261475
6.894970178604126
6.907633066177368
6.9192657470703125
6.9300549030303955
6.941586256027222
6.953293800354004
6.964386940002441
6.975780963897705
6.987076759338379
7.000677108764648
7.014051198959351
7.025268077850342
7.035786151885986
7.046626091003418
7.057469129562378
7.069020748138428
7.080550909042358
7.091953992843628
7.102830648422241
7.1145851612091064
7.125971794128418
7.1386168003082275
7.15052604675293
7.161290884017944
7.17282509803772
7.184432029724121
7.197955846786499
7.211781024932861
7.223867893218994
7.234493017196655
7.2472288608551025
7.258347034454346
7.269744873046875
7.283059120178223
7.296320199966431
7.310043096542358
7.323068141937256
7.336066007614136
7.348159074783325
7.359240293502808
7.3714001178741455
7.382627010345459
7.394709825515747
7.40620493888855
7.417663097381592
7.430531024932861
7.441606044769287
7.4527082443237305
7.464067220687866
7.477334022521973
7.488620042800903
7.499691963195801
7.51104211807251
7.52370285987854
7.534630060195923
7.547312021255493
7.558420896530151
7.569910049438477
7.581255197525024
7.593185901641846
7.605011940002441
7.616175889968872
7.628222942352295
7.639192819595337
7.6510679721832275
7.663615942001343
7.6762049198150635
7.689249038696289
7.702151775360107
7.713223934173584
7.724622011184692
7.738158941268921
7.7491631507873535
7.760495185852051
7.771891832351685
7.784711122512817
7.796082019805908
7.807488918304443
7.820390224456787
7.832060098648071
7.843921899795532
7.8549230098724365
7.866887807846069
7.880253314971924
7.893002271652222
7.904611825942993
7.916445016860962
7.927650690078735
7.938201189041138
7.950221061706543
7.962213754653931
7.973819732666016
7.985541105270386
7.997287034988403
8.009537696838379
8.020511865615845
8.0314040184021
8.04431700706482
8.05659008026123
8.068317890167236
8.079625129699707
8.091173887252808
8.10237431526184
8.114162921905518
8.12499189376831
8.135794878005981
8.148100137710571
8.16020393371582
8.172307968139648
8.184427976608276
8.196240901947021
8.207718133926392
8.21954607963562
8.231035232543945
8.244197845458984
8.25618028640747
8.267843008041382
8.278982877731323
8.290264129638672
8.301651000976562
8.31481385231018
8.326633930206299
8.338188171386719
8.349148988723755
8.361069917678833
8.37330675125122
8.385891914367676
8.39716100692749
8.408824920654297
8.419992923736572
8.431855916976929
8.445080041885376
8.456269025802612
8.469491958618164
8.483160734176636
8.494593143463135
8.505800008773804
8.516690969467163
8.528688907623291
8.540945053100586
8.551432847976685
8.565265893936157
8.578260898590088
8.590986013412476
8.602678060531616
8.613336086273193
8.624555826187134
8.63610029220581
8.646741151809692
8.657641887664795
8.6688392162323
8.679964780807495
8.691150903701782
8.70359182357788
8.714915037155151
8.72640609741211
8.73763918876648
8.750174045562744
8.761666059494019
8.773245096206665
8.786043882369995
8.797569990158081
8.808955907821655
8.822760820388794
8.835059881210327
8.846755981445312
8.858368158340454
8.869640111923218
8.880920171737671
8.894636869430542
8.906455039978027
8.918820142745972
8.929874897003174
8.940952062606812
8.953361988067627
8.965672969818115
8.97789478302002
8.98863410949707
9.000057220458984
9.012963056564331
9.02579402923584
9.036548137664795
9.047978162765503
9.060114860534668
9.071500062942505
9.083527088165283
9.094534873962402
9.105494976043701
9.117228984832764
9.131118774414062
9.142668008804321
9.15465784072876
9.167052030563354
9.179340124130249
9.192259073257446
9.203153848648071
9.215038299560547
9.22669506072998
9.237441062927246
9.247906923294067
9.25988507270813
9.27138376235962
9.284222841262817
9.295257806777954
9.30623984336853
9.316797971725464
9.327792167663574
9.338819742202759
9.351215839385986
9.362603902816772
9.373650789260864
9.384502649307251
9.395811080932617
9.40888500213623
9.419349908828735
9.431854009628296
9.442915916442871
9.454439878463745
9.46532416343689
9.477580785751343
9.489536046981812
9.500695943832397
9.511744022369385
9.523531913757324
9.534801959991455
9.546042919158936
9.557146072387695
9.56864070892334
9.58034372329712
9.591479778289795
9.602482080459595
9.613399982452393
9.626138925552368
9.638515949249268
9.650463819503784
9.662844896316528
9.673974990844727
9.685693979263306
9.696375131607056
9.70694899559021
9.717727422714233
9.728765964508057
9.741139888763428
9.754295110702515
9.7655770778656
9.77830696105957
9.789473056793213
9.800699234008789
9.813370943069458
9.824450731277466
9.836193084716797
9.848651885986328
9.86096715927124
9.872103929519653
9.885884761810303
9.898250341415405
9.90981674194336
9.920302152633667
9.931378841400146
9.942561149597168
9.953382968902588
9.964976787567139
9.976478815078735
9.988193035125732
9.998997926712036
10.01199984550476
10.024617910385132
10.037629127502441
10.050261974334717
10.061576128005981
10.074381113052368
10.085669040679932
10.097365140914917
10.108267784118652
10.119252920150757
10.132296085357666
10.14532995223999
10.156601667404175
10.167645931243896
10.17919111251831
10.190390825271606
10.201650142669678
10.215284824371338
10.22688603401184
10.23833680152893
10.249319791793823
10.260475873947144
10.272972822189331
10.284869909286499
10.296330213546753
10.307837009429932
10.320401906967163
10.33191704750061
10.34295105934143
10.353869915008545
10.365586280822754
10.378217935562134
10.390108823776245
10.40345287322998
10.414122104644775
10.426181077957153
10.437782049179077
10.448878765106201
10.46159315109253
10.47421908378601
10.485505104064941
10.496936082839966
10.508587837219238
10.519402980804443
10.530441999435425
10.541352033615112
10.553823947906494
10.565306186676025
10.576663970947266
10.587800025939941
10.598732948303223
10.610461235046387
10.624021053314209
10.635164976119995
10.646129846572876
10.657230138778687
10.670614242553711
10.682022094726562
10.694108009338379
10.706087827682495
10.718751907348633
10.730533838272095
10.741204977035522
10.75304388999939
10.764628887176514
10.776031970977783
10.787439107894897
10.798868894577026
10.811066150665283
10.822495937347412
10.833438873291016
10.844127178192139
10.855952024459839
10.867998123168945
10.88149619102478
10.894137859344482
10.905243873596191
10.916866779327393
10.927774906158447
10.939286947250366
10.950862169265747
10.961879968643188
10.973530054092407
10.986778736114502
10.99908995628357
11.010502099990845
11.022769927978516
11.036049842834473
11.048761129379272
11.060113906860352
11.070862054824829
11.082060098648071
11.093430042266846
11.104533195495605
11.115213871002197
11.125785112380981
11.138241052627563
11.150574922561646
11.161346912384033
11.173789024353027
11.18511176109314
11.196598052978516
11.20986795425415
11.222968101501465
11.234432935714722
11.246318817138672
11.257463216781616
11.269045114517212
11.2828688621521
11.296113967895508
11.307590007781982
11.320961713790894
11.332589149475098
11.34370493888855
11.355079889297485
11.366167068481445
11.377073049545288
11.387975215911865
11.40107011795044
11.413031816482544
11.423726081848145
11.436134099960327
11.44716215133667
11.458553791046143
11.469943046569824
11.481730699539185
11.493518114089966
11.50625729560852
11.51857304573059
11.529584884643555
11.540812969207764
11.551476001739502
11.562928199768066
11.57569694519043
11.586995124816895
11.599507093429565
11.610399961471558
11.621015071868896
11.633792161941528
11.644756078720093
11.656606197357178
11.66794228553772
11.679066181182861
11.689906358718872
11.701573848724365
11.713993310928345
11.724775075912476
11.736623048782349
11.747252941131592
11.758972883224487
11.771010875701904
11.782150983810425
11.792994260787964
11.805763006210327
11.81624984741211
11.828381776809692
11.840091943740845
11.851237058639526
11.863072156906128
11.87381386756897
11.886120080947876
11.897037744522095
11.908014059066772
11.919376134872437
11.930788040161133
11.941831111907959
11.954362869262695
11.967816829681396
11.979062795639038
11.992020845413208
12.003148078918457
12.013757944107056
12.028800964355469
12.040763139724731
12.052574872970581
12.064157247543335
12.07504391670227
12.087363958358765
12.099692821502686
12.111696243286133
12.124022006988525
12.13478398323059
