0.0008749961853027344
0.011139869689941406
0.02139425277709961
0.03419017791748047
0.046356916427612305
0.05890011787414551
0.07029294967651367
0.08087706565856934
0.09314584732055664
0.10336470603942871
0.11513900756835938
0.12694907188415527
0.13984107971191406
0.15275788307189941
0.16490483283996582
0.17636513710021973
0.18903017044067383
0.20172786712646484
0.21434593200683594
0.22538089752197266
0.23918604850769043
0.25264692306518555
0.2662830352783203
0.2799112796783447
0.2922701835632324
0.30300402641296387
0.3142411708831787
0.32527780532836914
0.3360741138458252
0.349653959274292
0.3623051643371582
0.3746798038482666
0.38559389114379883
0.3991398811340332
0.4109921455383301
0.4241483211517334
0.43674802780151367
0.4494640827178955
0.46209216117858887
0.4738600254058838
0.4871640205383301
0.49977707862854004
0.512692928314209
0.5258498191833496
0.536870002746582
0.5486950874328613
0.5613622665405273
0.5745689868927002
0.5856082439422607
0.5967752933502197
0.6103730201721191
0.62257981300354
0.6339950561523438
0.6475660800933838
0.6609621047973633
0.6718730926513672
0.6828620433807373
0.6938931941986084
0.7074072360992432
0.7210028171539307
0.7319607734680176
0.7446088790893555
0.7560861110687256
0.7685880661010742
0.7813379764556885
0.7939941883087158
0.8058221340179443
0.8183140754699707
0.8308889865875244
0.8436069488525391
0.8551890850067139
0.8676519393920898
0.8787178993225098
0.8902227878570557
0.9038658142089844
0.9172940254211426
0.9299750328063965
0.9422600269317627
0.9539892673492432
0.9663763046264648
0.9793562889099121
0.9914021492004395
1.0040340423583984
1.0162980556488037
1.0293188095092773
1.041982889175415
1.0537075996398926
1.0661797523498535
1.079413890838623
1.0915288925170898
1.102546215057373
1.116136074066162
1.129154920578003
1.1426770687103271
1.1554350852966309
1.1690340042114258
1.1809680461883545
1.1936841011047363
1.2057631015777588
1.218423843383789
1.2294178009033203
1.2412338256835938
1.2550170421600342
1.2677001953125
1.2804689407348633
1.2932159900665283
1.3043022155761719
1.3175764083862305
1.3301398754119873
1.3428940773010254
1.3555591106414795
1.369136095046997
1.3806071281433105
1.3926148414611816
1.4050440788269043
1.4170069694519043
1.4293968677520752
1.442101001739502
1.4546360969543457
1.4656047821044922
1.478334903717041
1.4918689727783203
1.503035068511963
1.51566481590271
1.5284538269042969
1.5411207675933838
1.5533952713012695
1.5652379989624023
1.5789151191711426
1.5906517505645752
1.6034550666809082
1.6149921417236328
1.6256310939788818
1.6370790004730225
1.650620937347412
1.6641850471496582
1.6772470474243164
1.6898250579833984
1.7034168243408203
1.7147107124328613
1.7282931804656982
1.7398626804351807
1.7533948421478271
1.7665119171142578
1.7800719738006592
1.7908079624176025
1.8043391704559326
1.817455768585205
1.8297479152679443
1.8404452800750732
1.8516674041748047
1.8627982139587402
1.8753530979156494
1.8880679607391357
1.900721788406372
1.912416934967041
1.9251482486724854
1.937683343887329
1.9488482475280762
1.9599618911743164
1.971545934677124
1.9845318794250488
1.9980731010437012
2.011664867401123
2.024250030517578
2.0354721546173096
2.0466036796569824
2.057469367980957
2.0699000358581543
2.082531213760376
2.0939669609069824
2.1067230701446533
2.119570732116699
2.132124900817871
2.1439108848571777
2.1564009189605713
2.169168710708618
2.181725025177002
2.1935160160064697
2.207076072692871
2.2188379764556885
2.229753017425537
2.2429428100585938
2.2563419342041016
2.267932176589966
2.278918981552124
2.2901320457458496
2.3010621070861816
2.3131279945373535
2.3259027004241943
2.3394718170166016
2.3510730266571045
2.3622043132781982
2.3746659755706787
2.388190984725952
2.401353120803833
2.412811040878296
2.42379093170166
2.4354870319366455
2.4483120441436768
2.4610559940338135
2.473067045211792
2.486614942550659
2.499969720840454
2.5134947299957275
2.5261151790618896
2.539652109146118
2.553194046020508
2.566046953201294
2.578603982925415
2.5905110836029053
2.602651834487915
2.6146240234375
2.6277101039886475
2.639566659927368
2.651547908782959
2.665091037750244
2.678636074066162
2.6922149658203125
2.70296311378479
2.7145018577575684
2.72809100151062
2.7393131256103516
2.750631093978882
2.7641890048980713
2.7777903079986572
2.7888100147247314
2.799669027328491
2.813333749771118
2.8241159915924072
2.8375189304351807
2.8510138988494873
2.8632709980010986
2.8768138885498047
2.8879618644714355
2.90157413482666
2.9135751724243164
2.9262852668762207
2.9378886222839355
2.949368715286255
2.96292781829834
2.9765589237213135
2.9901552200317383
3.002171754837036
3.0157039165496826
3.029165029525757
3.042917013168335
3.0539629459381104
3.0650060176849365
3.076549768447876
3.088265895843506
3.1010849475860596
3.1144602298736572
3.1280109882354736
3.141568899154663
3.152669906616211
3.165954113006592
3.1777400970458984
3.1912760734558105
3.204850912094116
3.2166590690612793
3.227638006210327
3.24104380607605
3.254586935043335
3.267554998397827
3.278602123260498
3.292117118835449
3.303461790084839
3.316945791244507
3.330167055130005
3.343114137649536
3.3565502166748047
3.369053363800049
3.3815829753875732
3.3950390815734863
3.408499002456665
3.4220027923583984
3.4342291355133057
3.4468212127685547
3.4603090286254883
3.4718029499053955
3.483079195022583
3.495522975921631
3.5087478160858154
3.5222959518432617
3.535959243774414
3.5495033264160156
3.5616559982299805
3.574781894683838
3.588346242904663
3.599943161010742
3.6117379665374756
3.6249570846557617
3.635770082473755
3.64963698387146
3.661128044128418
3.67386794090271
3.6863927841186523
3.699293851852417
3.7112040519714355
3.7228641510009766
3.734415054321289
3.7479329109191895
3.7614710330963135
3.773275136947632
3.7868540287017822
3.797895908355713
3.8107190132141113
3.822254180908203
3.8357908725738525
3.847886085510254
3.861503839492798
3.872551202774048
3.8836429119110107
3.8946549892425537
3.9055371284484863
3.916471004486084
3.9297101497650146
3.9430158138275146
3.955043077468872
3.966768980026245
3.9779767990112305
3.9915740489959717
4.002190113067627
4.0137622356414795
4.025295972824097
4.037873268127441
4.050750017166138
4.062131881713867
4.0746800899505615
4.087356090545654
4.100031852722168
4.111664295196533
4.124231815338135
4.136957883834839
4.150489807128906
4.163919925689697
4.176653861999512
4.190181732177734
4.201391935348511
4.214917898178101
4.2271928787231445
4.239266872406006
4.2526679039001465
4.266460180282593
4.277642011642456
4.2890472412109375
4.3023841381073
4.315921306610107
4.329363107681274
4.342871904373169
4.3545191287994385
4.3682239055633545
4.379071950912476
4.3924689292907715
4.4035539627075195
4.415523052215576
4.4265077114105225
4.440077066421509
4.451272964477539
4.4624550342559814
4.475248098373413
4.486412763595581
4.5001537799835205
4.513334035873413
4.524848937988281
4.536742210388184
4.547721862792969
4.558893918991089
4.569861173629761
4.58324408531189
4.596786975860596
4.608465909957886
4.622025012969971
4.6332032680511475
4.644859313964844
4.657104253768921
4.668057918548584
4.681006193161011
4.692681789398193
4.704761028289795
4.715770959854126
4.727986097335815
4.739821672439575
4.750761032104492
4.763857364654541
4.7768590450286865
4.78919792175293
4.801797151565552
4.814486026763916
4.82558798789978
4.838829040527344
4.850661039352417
4.864212989807129
4.8759989738464355
4.889534950256348
4.900774955749512
4.913710832595825
4.924382925033569
4.937643051147461
4.9510509967803955
4.963963747024536
4.975284099578857
4.987385034561157
4.998396158218384
5.009953022003174
5.023478031158447
5.037076950073242
5.048511028289795
5.062178134918213
5.07563591003418
5.086758852005005
5.100044012069702
5.112256050109863
5.125901937484741
5.136965990066528
5.150466203689575
5.16246485710144
5.1759889125823975
5.188961982727051
5.200561761856079
5.214046955108643
5.225449323654175
5.237537860870361
5.251101016998291
5.264693975448608
5.277544975280762
5.289978981018066
5.302289247512817
5.314699172973633
5.326684951782227
5.339370012283325
5.350445032119751
5.364081144332886
5.376875877380371
5.3890910148620605
5.401205062866211
5.414696931838989
5.426321983337402
5.437502861022949
5.450989007949829
5.464117050170898
5.476134300231934
5.488497018814087
5.502060174942017
5.5139758586883545
5.52576208114624
5.538879156112671
5.549678087234497
5.562098026275635
5.574830055236816
5.588410139083862
5.601862907409668
5.614430904388428
5.626906871795654
5.638754606246948
5.651057958602905
5.6618428230285645
5.675358057022095
5.6888792514801025
5.7006120681762695
5.713123798370361
5.72596001625061
5.7381579875946045
5.75016188621521
5.762774705886841
5.775222063064575
5.787719964981079
5.799673795700073
5.812500953674316
5.825010776519775
5.8364691734313965
5.849244117736816
5.861738920211792
5.8745198249816895
5.88713002204895
5.9004998207092285
5.911339044570923
5.922353029251099
5.935455083847046
5.948591947555542
5.959595203399658
5.972736120223999
5.985232830047607
5.996625185012817
6.007288217544556
6.018497943878174
6.031130313873291
6.043712139129639
6.056412935256958
6.069943189620972
6.083624839782715
6.094797849655151
6.10601806640625
6.1194188594818115
6.130436897277832
6.142902135848999
6.156085014343262
6.169655799865723
6.181640148162842
6.195043087005615
6.208647966384888
6.2218897342681885
6.234652042388916
6.245722770690918
6.257425785064697
6.268663167953491
6.282212972640991
6.295621871948242
6.309159755706787
6.32047700881958
6.334108114242554
6.345326900482178
6.35568904876709
6.365957975387573
6.377461910247803
6.38869309425354
6.39933705329895
6.410315990447998
6.423672676086426
6.436383962631226
6.449592113494873
6.46078896522522
6.47150731086731
6.4850640296936035
6.496138095855713
6.506643056869507
6.519151926040649
6.5326879024505615
6.546237945556641
6.559881925582886
6.571455001831055
6.583164930343628
6.59450888633728
6.608022689819336
6.621553897857666
6.635049104690552
6.648582220077515
6.661942958831787
6.675584077835083
6.6886138916015625
6.7010979652404785
6.7139692306518555
6.725730895996094
6.738363981246948
6.749727964401245
6.760845184326172
6.7744221687316895
6.78798508644104
6.800084114074707
6.813731908798218
6.8244359493255615
6.835397243499756
6.846665859222412
6.857683420181274
6.868522882461548
6.882062196731567
6.895591974258423
6.907180070877075
6.918033123016357
6.931126117706299
6.9446680545806885
6.956789016723633
6.969275951385498
6.982018232345581
6.9939141273498535
7.007521867752075
7.018643856048584
7.031702041625977
7.045236110687256
7.058681011199951
7.069422006607056
7.080885887145996
7.093604803085327
7.104990005493164
7.115607976913452
7.126715898513794
7.138542890548706
7.151159048080444
7.163778066635132
7.176107168197632
7.187897205352783
7.200568914413452
7.2117760181427
7.222954988479614
7.233968734741211
7.245856046676636
7.257066965103149
7.2684149742126465
7.279479026794434
7.29066276550293
7.304191827774048
7.317528963088989
7.32867693901062
7.339716911315918
7.353164196014404
7.366703748703003
7.3785600662231445
7.392151117324829
7.405571937561035
7.4165730476379395
7.428154230117798
7.441695213317871
7.4552319049835205
7.467427015304565
7.478316068649292
7.490269184112549
7.502126932144165
7.512955904006958
7.526565313339233
7.5397398471832275
7.551401853561401
7.563892841339111
7.574673891067505
7.58794093132019
7.601344108581543
7.613558053970337
7.626656770706177
7.640226125717163
7.652338027954102
7.665287971496582
7.676980972290039
7.689910173416138
7.703366994857788
7.7169389724731445
7.730427980422974
7.742691993713379
7.7551589012146
7.766660928726196
7.779018878936768
7.7916600704193115
7.805234909057617
7.81639289855957
7.828792095184326
7.841608762741089
7.854151010513306
7.867220163345337
7.878554105758667
7.892100095748901
7.905642032623291
7.918468236923218
7.931610107421875
7.942897081375122
7.953939914703369
7.9651830196380615
7.975876092910767
7.989520072937012
8.00279712677002
8.01553988456726
8.028022050857544
8.039568901062012
8.053170204162598
8.064273834228516
8.077027797698975
8.088404893875122
8.100448846817017
8.113227128982544
8.124632120132446
8.13565993309021
8.146715879440308
8.157483100891113
8.168349981307983
8.179487943649292
8.192930936813354
8.205201148986816
8.21880316734314
8.232269763946533
8.244144201278687
8.256469011306763
8.269438982009888
8.282071828842163
8.295423984527588
8.308965682983398
8.320861339569092
8.334374189376831
8.347946882247925
8.36136794090271
8.372242212295532
8.383078336715698
8.394561052322388
8.407106161117554
8.419740200042725
8.432416200637817
8.444226741790771
8.456568956375122
8.469361782073975
8.48164701461792
8.493721008300781
8.50499415397644
8.518050909042358
8.530769109725952
8.543284177780151
8.555920839309692
8.566704273223877
8.578843116760254
8.590272903442383
8.602463960647583
8.615124940872192
8.628582954406738
8.642115116119385
8.6529860496521
8.666538000106812
8.677311182022095
8.690685033798218
8.704247951507568
8.71775507926941
8.729838132858276
8.743568181991577
8.756932020187378
8.767833709716797
8.779953956604004
8.791527271270752
8.804144859313965
8.81672191619873
8.829033136367798
8.840744972229004
8.853173017501831
8.864949226379395
8.87758183479309
8.890581846237183
8.903225898742676
8.91584587097168
8.927454948425293
8.940191984176636
8.953110218048096
8.965596914291382
8.979138135910034
8.9897620677948
9.002436876296997
9.015383243560791
9.028039932250977
9.039801836013794
9.05180811882019
9.06472396850586
9.076682090759277
9.089303016662598
9.101529121398926
9.1139976978302
9.125017642974854
9.138572931289673
9.15218210220337
9.164161920547485
9.177011013031006
9.190589904785156
9.202570915222168
9.21356201171875
9.22713303565979
9.239803075790405
9.250824928283691
9.263413906097412
9.275956869125366
9.28764796257019
9.298543214797974
9.309537172317505
9.320754051208496
9.333205938339233
9.345939874649048
9.358745098114014
9.372346878051758
9.38413405418396
9.39586615562439
9.409411191940308
9.4229576587677
9.43657398223877
9.44898009300232
9.46055793762207
9.471494913101196
9.482434749603271
9.49496865272522
9.506256818771362
9.51909875869751
9.530662775039673
9.5435311794281
9.556064128875732
9.568639993667603
9.579396963119507
9.59277892112732
9.606357097625732
9.61855411529541
9.629729986190796
9.64234709739685
9.65354299545288
9.664557695388794
9.677036762237549
9.688202142715454
9.701120138168335
9.712676048278809
9.726246118545532
9.7393479347229
9.750284194946289
9.76158332824707
9.775171995162964
9.788706064224243
9.79994010925293
9.81353211402893
9.825221300125122
9.838758945465088
9.852298021316528
9.865957021713257
9.877533912658691
9.88866114616394
9.90239691734314
9.915696859359741
9.926361799240112
9.939902305603027
9.952630996704102
9.965397834777832
9.978698015213013
9.990738153457642
10.00359034538269
10.015146017074585
10.027743101119995
10.039158821105957
10.050159931182861
10.063668012619019
10.075958013534546
10.089529037475586
10.101608991622925
10.11420226097107
10.125722169876099
10.137147188186646
10.149445056915283
10.160928010940552
10.172600746154785
10.185356855392456
10.19701886177063
10.209614992141724
10.222153902053833
10.233051776885986
10.246471166610718
10.260007858276367
10.27178692817688
10.285334825515747
10.298264026641846
10.308974027633667
10.320509195327759
10.331665992736816
10.34486699104309
10.358163118362427
10.370985984802246
10.384068012237549
10.395691156387329
10.408048152923584
10.420783996582031
10.433443069458008
10.445159912109375
10.457974910736084
10.469244718551636
10.482785940170288
10.49462604522705
10.506746292114258
10.519773960113525
10.53230905532837
10.54565715789795
10.556363821029663
10.569350004196167
10.582589864730835
10.594075918197632
10.604857921600342
10.61693811416626
10.628580093383789
10.642101049423218
10.653812885284424
10.667335987091064
10.68087387084961
10.69448184967041
10.708007097244263
10.719990015029907
10.733613967895508
10.744328022003174
10.7570219039917
10.769798994064331
10.78224515914917
10.793545007705688
10.807055234909058
10.8197660446167
10.832598209381104
10.84629201889038
10.857445001602173
10.869089841842651
10.882643938064575
10.894179105758667
10.90778112411499
10.918643951416016
10.93209195137024
10.944189071655273
10.95792818069458
10.968662023544312
10.980611085891724
10.992553949356079
11.005080938339233
11.017405271530151
11.030346155166626
11.041512966156006
11.055106163024902
11.06616497039795
11.0791757106781
11.09101390838623
11.102478981018066
11.116037130355835
11.12958312034607
11.14085078239441
11.15322208404541
11.165939092636108
11.178170919418335
11.18998098373413
11.201760053634644
11.21281886100769
11.22636604309082
11.239406108856201
11.250385284423828
11.263998985290527
11.276281118392944
11.287256002426147
11.298532724380493
11.310703992843628
11.322194814682007
11.334808826446533
11.347509384155273
11.360013246536255
11.371722936630249
11.382587909698486
11.395243883132935
11.406284809112549
11.418812990188599
11.430243015289307
11.442864894866943
11.454288244247437
11.467155933380127
11.47984790802002
11.49060869216919
11.503472089767456
11.514177083969116
11.527122259140015
11.537463665008545
11.550313949584961
11.561672925949097
11.575341939926147
11.587163209915161
11.60073184967041
11.612159252166748
11.625725030899048
11.636865139007568
11.649494886398315
11.661800146102905
11.674389123916626
11.686200141906738
11.697024822235107
11.707986831665039
11.718992233276367
11.731863737106323
11.744585990905762
11.757303237915039
11.76965594291687
11.781651973724365
11.794126987457275
11.806669235229492
11.818351030349731
11.82916784286499
11.840711832046509
11.851757049560547
11.863912105560303
11.876636981964111
11.88844084739685
11.899364709854126
11.910252094268799
11.922919988632202
11.93644905090332
11.949376583099365
11.963025093078613
11.975547075271606
11.98907995223999
12.000301122665405
12.013919115066528
12.02745509147644
12.040128946304321
12.053702116012573
12.064314842224121
12.075623273849487
12.086337089538574
12.099415063858032
12.112153053283691
12.12469482421875
12.137380123138428
12.14960527420044
12.163042068481445
12.174760103225708
12.185651063919067
12.198387861251831
12.211865186691284
12.223736763000488
12.235810041427612
12.2479088306427
12.261512994766235
12.272550106048584
12.284695863723755
12.297632217407227
12.309782981872559
12.322618246078491
12.333826065063477
12.346766710281372
12.360228061676025
12.372487783432007
12.386121988296509
12.397928953170776
12.409013032913208
12.421935796737671
12.435476064682007
12.446601867675781
12.459033966064453
12.471060037612915
12.482776165008545
12.493807077407837
12.505038976669312
12.518635034561157
12.53223204612732
12.542888879776001
12.553606986999512
12.566236019134521
12.579601049423218
12.593112230300903
12.606663942337036
12.618046045303345
12.628990173339844
12.640714883804321
11.599792003631592
11.612525224685669
11.622864961624146
11.636270999908447
11.649165630340576
11.661691904067993
11.672566175460815
11.683580875396729
11.695441007614136
11.707747220993042
11.719592332839966
11.733084201812744
11.744643211364746
11.756074905395508
11.767199993133545
11.780697107315063
11.791738033294678
11.805262804031372
11.816391944885254
11.829868793487549
11.843430042266846
11.856421947479248
11.867743253707886
11.880254030227661
11.892384052276611
11.90559196472168
11.917150974273682
11.929408073425293
11.941035985946655
11.954544067382812
11.966438055038452
11.979084968566895
11.992195129394531
12.003646850585938
12.014286041259766
12.02778697013855
12.041169166564941
12.05471682548523
12.06826663017273
12.081398963928223
12.09214162826538
12.104295015335083
12.117807865142822
12.129426956176758
12.142730951309204
12.154117107391357
12.167716264724731
12.180851936340332
12.192707777023315
12.206037044525146
12.219551086425781
12.230165004730225
12.241701126098633
12.252861738204956
12.2639639377594
12.277474164962769
12.288570880889893
12.299456119537354
12.31247878074646
12.326042175292969
12.339389085769653
12.35289216041565
12.366443872451782
12.378636121749878
12.390895128250122
12.403991222381592
12.416445016860962
12.428014755249023
12.440659999847412
12.453251838684082
12.465978860855103
12.477500915527344
12.490129232406616
12.50270414352417
12.516229152679443
12.529725074768066
12.543243169784546
12.556740999221802
12.56857180595398
12.58115005493164
12.594825029373169
12.605796098709106
12.618074178695679
12.631314277648926
12.642599821090698
12.655059814453125
12.66845703125
12.681941032409668
12.695528030395508
12.708248138427734
12.721760988235474
12.732561111450195
12.745052099227905
12.757399082183838
12.77092695236206
12.783004999160767
12.79548692703247
12.807362794876099
12.819716215133667
12.832332134246826
12.844742059707642
12.856750965118408
12.867618083953857
12.878798961639404
12.892320156097412
12.90325927734375
12.916444063186646
12.929940938949585
12.94215989112854
12.955619096755981
12.966594934463501
12.980119943618774
12.992918968200684
13.005213260650635
13.018768072128296
13.030282974243164
13.041314125061035
13.054466724395752
13.068020105361938
13.079946041107178
13.09269404411316
13.104252815246582
13.116840839385986
13.128251791000366
13.139240026473999
13.150209903717041
13.162784099578857
13.173665046691895
13.186256885528564
13.199875831604004
13.211527109146118
13.225136280059814
13.237046957015991
13.25062608718872
13.261350154876709
13.274910926818848
13.287826299667358
13.298895120620728
13.311197280883789
13.324824094772339
13.338404178619385
13.351322889328003
13.36487889289856
13.378123998641968
13.390679121017456
13.404279232025146
13.417237043380737
13.428690910339355
13.43966269493103
13.453207969665527
13.466020107269287
13.479208946228027
13.491978883743286
13.504782915115356
13.516029834747314
13.52921199798584
13.541291952133179
13.553797721862793
13.565577983856201
13.576693058013916
13.588663816452026
13.601027965545654
13.614212989807129
13.624937057495117
13.637930870056152
13.651486158370972
13.66445517539978
13.677003860473633
13.689665079116821
13.702276945114136
13.716071128845215
13.728492975234985
13.742006063461304
13.755584955215454
13.769228219985962
13.782786130905151
13.794867992401123
13.806181907653809
13.81814193725586
13.829017877578735
13.839657068252563
13.852429151535034
13.86559510231018
13.878899812698364
13.891535997390747
13.904288053512573
13.916932106018066
13.929933071136475
13.941073179244995
13.954202890396118
13.966059923171997
13.978039026260376
13.990624904632568
14.003262042999268
14.014603853225708
14.02734112739563
14.040890216827393
14.052661895751953
14.065286874771118
14.076904773712158
14.088156938552856
14.101257085800171
14.11197304725647
14.12319302558899
14.135642766952515
14.147923946380615
14.159502983093262
14.172182083129883
14.184623956680298
14.197176933288574
14.208740949630737
14.220599889755249
14.233498096466064
14.246048927307129
14.259024143218994
14.271384716033936
14.283384084701538
14.295068979263306
14.305860996246338
14.318875074386597
14.331470966339111
14.343127012252808
14.356574773788452
14.369301080703735
14.380571842193604
14.393959045410156
14.404505968093872
14.415812969207764
14.42728590965271
14.439605951309204
14.452147960662842
14.464702367782593
14.476370096206665
14.488896131515503
14.502323865890503
14.515306949615479
14.528876781463623
14.542378902435303
14.555903911590576
14.568717956542969
14.581624984741211
14.592914819717407
14.606476068496704
14.617532968521118
14.629916906356812
14.64164400100708
14.654348850250244
14.66630506515503
14.678900957107544
14.691115140914917
14.703552961349487
14.716094017028809
14.728683948516846
14.740562200546265
14.753046035766602
14.765758991241455
14.779275894165039
14.790212869644165
14.803765058517456
14.815704107284546
14.82921314239502
14.842805862426758
14.85609769821167
14.869733095169067
14.881619930267334
14.894116878509521
14.905663251876831
14.918400049209595
14.931068897247314
14.943593978881836
14.956163883209229
14.967672109603882
14.980500936508179
14.993022918701172
15.00464677810669
15.018165826797485
15.02993893623352
15.043521881103516
15.055880308151245
15.066819190979004
15.079487085342407
15.091189861297607
15.1038236618042
15.116570234298706
15.129707098007202
15.142464876174927
15.15441608428955
15.167974948883057
15.179334163665771
15.191725254058838
15.202615976333618
15.213440895080566
15.224973917007446
15.237821340560913
15.251452922821045
15.26307201385498
15.274216890335083
15.286590099334717
15.296952724456787
15.307541131973267
15.320740222930908
15.332167148590088
15.343605995178223
15.354873895645142
15.365949869155884
15.37643313407898
15.387185096740723
15.398077964782715
15.408996820449829
15.420403003692627
15.432247638702393
15.445312023162842
15.455976963043213
15.4670250415802
15.479052066802979
15.492412090301514
15.503582239151001
15.517001152038574
15.528614044189453
15.541260004043579
15.552706956863403
15.566012859344482
15.578685998916626
15.59083104133606
15.603108167648315
15.614239931106567
15.627278804779053
15.640574932098389
15.653717041015625
15.665019750595093
15.677386999130249
15.688424825668335
15.699685096740723
15.71144413948059
15.722861051559448
15.734906911849976
15.74705982208252
15.757625818252563
15.768043041229248
15.780004978179932
15.790607929229736
15.803467035293579
15.81482982635498
15.827471733093262
15.838063955307007
15.848931074142456
15.862287282943726
15.87348198890686
15.88699197769165
15.897773027420044
15.909485101699829
15.921660900115967
15.934469938278198
15.94562315940857
15.956553936004639
15.96924090385437
15.981534957885742
15.992569923400879
16.003751277923584
16.017271995544434
16.028420209884644
16.0419659614563
16.053647994995117
16.067260265350342
16.080991983413696
16.094611883163452
16.108131885528564
16.119412899017334
16.13053607940674
16.144022941589355
16.15724492073059
16.16921901702881
16.181092023849487
16.193233251571655
16.204366207122803
16.21734595298767
16.22876811027527
16.240800142288208
16.25273609161377
16.266077995300293
16.277417421340942
16.289270162582397
16.300517082214355
16.313083171844482
16.324591159820557
16.336768865585327
16.348099946975708
16.35924196243286
16.372436046600342
16.384227991104126
16.39590311050415
16.408452033996582
16.419357299804688
16.43176293373108
16.44359302520752
16.45720601081848
16.46957778930664
16.482013940811157
16.494850873947144
16.507169008255005
16.51927876472473
16.532787799835205
16.545435905456543
16.55685019493103
16.56857132911682
16.58156704902649
16.59340500831604
16.60430383682251
16.61480689048767
16.625673055648804
16.638293981552124
16.64900827407837
16.66038203239441
16.672351121902466
16.68568205833435
16.696255207061768
16.707839965820312
16.721060037612915
16.732035875320435
16.74428415298462
16.755694150924683
16.769155740737915
16.780487060546875
16.792728185653687
16.803292989730835
16.815598249435425
16.826449155807495
16.836961030960083
16.849324941635132
16.862258911132812
16.87294101715088
16.8837890625
16.8955659866333
16.906485080718994
16.91779899597168
16.928465843200684
16.941903114318848
16.95363998413086
16.964471101760864
16.97570300102234
16.988983154296875
17.002291917800903
17.013710975646973
17.026170253753662
17.03813600540161
17.04987406730652
17.0615873336792
17.072856903076172
17.08517289161682
17.09872579574585
17.11130380630493
17.12297797203064
17.134962797164917
17.147131204605103
17.16022825241089
17.17120623588562
17.183291912078857
17.194893836975098
17.20644998550415
17.218483209609985
17.230057954788208
17.242697954177856
17.255006074905396
17.267394065856934
17.278948307037354
17.291985988616943
17.302755117416382
17.314661026000977
17.326487064361572
17.33735680580139
17.349622011184692
17.360698223114014
17.37391495704651
17.386796951293945
17.398952960968018
17.409912109375
17.42077398300171
17.43219804763794
17.443243980407715
17.456794023513794
17.468538761138916
17.47994589805603
17.491211891174316
17.503448009490967
17.516698122024536
17.529978275299072
17.54075789451599
17.552613973617554
17.56446385383606
17.575361013412476
17.586174964904785
17.59750723838806
17.611037969589233
17.623230934143066
17.636594772338867
17.64957904815674
17.660258769989014
17.67256784439087
17.68360996246338
17.694212913513184
17.706042766571045
17.71673011779785
17.7292799949646
17.73994779586792
17.75313425064087
17.76596999168396
17.77705979347229
17.789452075958252
17.80005693435669
17.81206488609314
17.822970867156982
17.835108757019043
11.560156345367432
11.571507930755615
11.5819571018219
11.59256911277771
11.603288888931274
11.61608099937439
11.62917184829712
11.642741918563843
11.653900146484375
11.66490387916565
11.67704701423645
11.688151121139526
11.699098825454712
11.710150241851807
11.723596811294556
11.737107038497925
11.748049974441528
11.760523080825806
11.772820949554443
11.783546924591064
11.795172929763794
11.808627843856812
11.819260120391846
11.830811023712158
11.84205174446106
11.855397701263428
11.868910074234009
11.880483865737915
11.893011808395386
11.904299974441528
11.915525197982788
11.927403688430786
11.938602924346924
11.95206594467163
11.963370084762573
11.976935863494873
11.99035096168518
12.00131607055664
12.012516736984253
12.02407717704773
12.035954236984253
12.046442031860352
12.057101011276245
12.069044351577759
12.079778909683228
12.093273878097534
12.104449987411499
12.117788076400757
12.128464221954346
12.141892910003662
12.153188943862915
12.164090156555176
12.176849126815796
12.18851613998413
12.201125860214233
12.211935997009277
12.22327709197998
12.236394882202148
12.249579906463623
12.260064125061035
12.270874261856079
12.283422946929932
12.294014930725098
12.304537773132324
12.316359758377075
12.327996015548706
12.339379072189331
12.351518392562866
12.362313985824585
12.373112916946411
12.384797811508179
12.395759105682373
12.408111095428467
12.4214448928833
12.432904958724976
12.444284915924072
12.45550799369812
12.466429233551025
12.480139017105103
12.491793155670166
12.503440856933594
12.514677047729492
12.526800155639648
12.539470672607422
12.55109190940857
12.563746213912964
12.576299905776978
12.587177276611328
12.59975290298462
12.613017082214355
12.626553773880005
12.638259887695312
12.650397062301636
12.662693977355957
12.674659013748169
12.687727928161621
12.69954514503479
12.71203875541687
12.725478172302246
12.737314939498901
12.750725984573364
12.762277126312256
12.772917032241821
12.784623146057129
12.795155048370361
12.806333780288696
12.817742109298706
12.831160068511963
12.84468388557434
12.857637882232666
12.869128227233887
12.879616022109985
12.89087200164795
12.903869152069092
12.914556741714478
12.92562198638916
12.936806917190552
12.948944807052612
12.962029695510864
12.972837924957275
12.9856698513031
12.997179985046387
13.007652997970581
13.020887851715088
13.032238960266113
13.042990922927856
13.055098056793213
13.067880153656006
13.078660726547241
13.089716911315918
13.101768016815186
13.113370895385742
13.124242305755615
13.135931968688965
13.14714789390564
13.159574031829834
13.17128300666809
13.184142827987671
13.197608947753906
13.209052801132202
13.221871852874756
13.23517107963562
13.246098756790161
13.258095026016235
13.2687349319458
13.279469966888428
13.292466878890991
13.305069208145142
13.317622900009155
13.33080005645752
13.341840028762817
13.353031873703003
13.364578008651733
13.375488042831421
13.388999938964844
13.40059518814087
13.411967992782593
13.423893928527832
13.434682130813599
13.44649600982666
13.457293033599854
13.46784496307373
13.478456020355225
13.48995304107666
13.500516176223755
13.511029958724976
13.522580862045288
13.536089897155762
13.548104763031006
13.56037187576294
13.572281837463379
13.585633039474487
13.598267078399658
13.611265897750854
13.624719858169556
13.635807037353516
13.647045850753784
13.659411907196045
13.671115636825562
13.682472944259644
13.694170951843262
13.706230163574219
13.71967625617981
13.73029899597168
13.74369192123413
13.755162239074707
13.768306732177734
13.779590129852295
13.78996205329895
13.802518129348755
13.814534902572632
13.82483983039856
13.83541464805603
13.847561836242676
13.858241081237793
13.87075686454773
13.881569862365723
13.89294719696045
13.904329061508179
13.917098999023438
13.928002119064331
13.940760135650635
13.952121019363403
13.963928699493408
13.97666621208191
13.990004301071167
14.002224922180176
14.01319694519043
14.02418303489685
14.035081148147583
14.047893047332764
14.05876898765564
14.070833921432495
14.083014011383057
14.09477710723877
14.107204675674438
14.118457078933716
14.130526065826416
14.14145803451538
14.15218210220337
14.163940668106079
14.17488980293274
14.187937021255493
14.198560953140259
14.209703922271729
14.221561193466187
14.232359170913696
14.24451208114624
14.255315780639648
14.268708944320679
14.279606819152832
14.29038405418396
14.301704168319702
14.31438684463501
14.32549786567688
14.337126970291138
14.34948205947876
14.362128734588623
14.373409032821655
14.38400673866272
14.395193815231323
14.40615200996399
14.417480945587158
14.429671287536621
14.443068981170654
14.454253911972046
14.466346025466919
14.476777791976929
14.489678859710693
14.50004506111145
14.511471271514893
14.524268865585327
14.536595821380615
14.5471670627594
14.55839204788208
14.570514917373657
14.583707094192505
14.594787120819092
14.60538101196289
14.618045330047607
14.631268978118896
14.642786026000977
14.653834819793701
14.66726803779602
14.678169012069702
14.689208745956421
14.700103998184204
14.711887121200562
14.722474813461304
14.735195875167847
14.746170997619629
14.759286165237427
14.769996881484985
14.783348083496094
14.794498682022095
14.805821180343628
14.817153930664062
14.830665826797485
14.841973066329956
14.855402946472168
14.86830186843872
14.879635334014893
14.890383005142212
14.902257919311523
14.912921667098999
14.925036191940308
14.938393115997314
14.949808835983276
14.962920188903809
14.974008083343506
14.987382173538208
14.999726057052612
15.012256145477295
15.023417949676514
15.035906076431274
15.048561096191406
15.061039209365845
15.072736978530884
15.085144758224487
15.09764575958252
15.108983993530273
15.122163772583008
15.135551929473877
15.147549867630005
15.160315752029419
15.171810150146484
15.184454917907715
15.19701600074768
15.209650039672852
15.223220825195312
15.23586893081665
15.247324228286743
15.258929252624512
15.270520687103271
15.282320976257324
15.293503046035767
15.305095911026001
15.316588878631592
15.329866170883179
15.343273162841797
15.354352951049805
15.36791706085205
15.381156921386719
15.394142866134644
15.40647292137146
15.419102907180786
15.430468797683716
15.443666934967041
15.455865859985352
15.468922138214111
15.481052160263062
15.494026899337769
15.505208015441895
15.518535852432251
15.531958103179932
15.54380202293396
15.556901931762695
15.568095922470093
15.58153223991394
15.593047857284546
15.605150938034058
15.617717027664185
15.628367900848389
15.63956880569458
15.65080189704895
15.663268089294434
15.674389839172363
15.686991691589355
15.700273990631104
15.713348865509033
15.725324153900146
15.7363440990448
15.749367952346802
15.762277126312256
15.774689197540283
15.787790060043335
15.799562931060791
15.811010122299194
15.822117805480957
15.83408784866333
15.84619688987732
15.858521223068237
15.869566917419434
15.880095958709717
15.891667127609253
15.904661893844604
15.917477130889893
15.931272029876709
15.941736936569214
15.95278811454773
15.964231967926025
15.974883079528809
15.98678994178772
15.998434782028198
16.00935196876526
16.020601987838745
16.03415012359619
16.04482889175415
16.05561327934265
16.066365957260132
16.079866886138916
16.09044098854065
16.103941917419434
16.115421056747437
16.12591004371643
16.137285947799683
16.148014783859253
16.161375999450684
16.17358112335205
16.18724822998047
16.200304746627808
16.212294816970825
16.223878860473633
16.236409187316895
16.249122858047485
16.260530948638916
16.27123999595642
16.284276008605957
16.296940088272095
16.308766841888428
16.320271968841553
16.332189321517944
16.344451904296875
16.35544180870056
16.368251085281372
16.38156485557556
16.393786907196045
16.40606188774109
16.416953802108765
16.42734694480896
16.439838886260986
16.451284170150757
16.4637668132782
16.4762179851532
16.488181829452515
16.500904321670532
16.51326084136963
16.526535987854004
16.53949809074402
16.55107593536377
16.56177592277527
16.57443118095398
16.585203886032104
16.597059965133667
16.60805320739746
16.62145209312439
16.634263038635254
16.645462036132812
16.657839059829712
16.670063972473145
16.682548999786377
16.694522857666016
16.707632064819336
16.721028804779053
16.73307514190674
16.744428157806396
16.75543212890625
16.765997648239136
16.77650499343872
16.78777313232422
16.80066990852356
16.813122034072876
16.826569080352783
16.837141752243042
16.849459171295166
16.860644102096558
16.873899936676025
16.884991884231567
16.895837783813477
16.90642023086548
16.917033910751343
16.930437803268433
16.943835973739624
16.955429792404175
16.966808080673218
16.978212118148804
16.98975706100464
17.003072023391724
17.014419078826904
17.027000904083252
17.03816294670105
17.048821926116943
17.061108112335205
17.072427988052368
17.0839581489563
17.096105337142944
17.109742164611816
17.12040424346924
17.131075143814087
17.14356517791748
17.15439510345459
17.16572070121765
17.178996324539185
17.192415952682495
17.203720092773438
17.215356826782227
17.2280912399292
17.23931908607483
17.25182294845581
17.26323366165161
17.274996995925903
17.286015272140503
17.297443151474
17.30839514732361
17.321614027023315
17.335103034973145
17.347018003463745
17.360412120819092
17.37201714515686
17.38329315185547
17.394204139709473
17.40763807296753
17.42114520072937
17.43436908721924
17.445616960525513
17.458175897598267
17.47166109085083
17.484954118728638
17.49766516685486
17.509472131729126
17.522228002548218
17.533801078796387
17.546282052993774
17.55888795852661
17.57230806350708
17.585038900375366
17.596324920654297
17.60841703414917
17.62182903289795
17.632911920547485
17.644927978515625
17.656385898590088
6.1793882846832275
6.1898720264434814
6.20110011100769
6.212552070617676
6.225998878479004
6.2393999099731445
6.251914978027344
6.262408018112183
6.273621082305908
6.2842559814453125
6.295851707458496
6.307039260864258
6.318769931793213
6.329345941543579
6.341248035430908
6.351916074752808
6.3630290031433105
6.374347925186157
6.386941909790039
6.398381948471069
6.411279201507568
6.421996116638184
6.433140993118286
6.444736003875732
6.458243131637573
6.469510793685913
6.48102879524231
6.493618011474609
6.507373809814453
6.51841402053833
6.53193998336792
6.543341875076294
6.55473518371582
6.568225860595703
6.580486059188843
6.593530893325806
6.605181932449341
6.618310213088989
6.631823778152466
6.643041133880615
6.656554222106934
6.667590856552124
6.679192066192627
6.690442800521851
6.70373797416687
6.714849948883057
6.7269721031188965
6.738570928573608
6.750981092453003
6.76141881942749
6.773505687713623
6.785653829574585
6.79889988899231
6.809377908706665
6.822701692581177
6.83345890045166
6.846370220184326
6.858190059661865
6.8697428703308105
6.881293773651123
6.894040822982788
6.905292749404907
6.9162938594818115
6.928218841552734
6.94028377532959
6.9513139724731445
6.963268041610718
6.976178884506226
6.988653182983398
6.999229907989502
7.011476993560791
7.02255392074585
7.033249139785767
7.044163227081299
7.0553131103515625
7.066481828689575
7.079030990600586
7.092368125915527
7.1034181118011475
7.115549802780151
7.126210927963257
7.139496803283691
7.150318145751953
7.161212921142578
7.171741008758545
7.183060169219971
7.195607662200928
7.206619024276733
7.218068838119507
7.231345176696777
7.243395090103149
7.254806995391846
7.267772912979126
7.279293775558472
7.292858123779297
7.305301666259766
7.317084074020386
7.32778787612915
7.34032416343689
7.351187229156494
7.364230155944824
7.37483811378479
7.38663125038147
7.398848056793213
7.411575078964233
7.424017906188965
7.434741020202637
7.445968866348267
7.458155155181885
7.469587087631226
7.481249094009399
7.491693019866943
7.502939224243164
7.515062093734741
7.528429985046387
7.539085865020752
7.5511298179626465
7.562467098236084
7.573111057281494
7.583847999572754
7.596534967422485
7.60715913772583
7.617865800857544
7.62830114364624
7.638876914978027
7.6501991748809814
7.663267135620117
7.673970937728882
7.684841156005859
7.697013854980469
7.710379600524902
7.722028970718384
7.733185052871704
7.745151042938232
7.758769989013672
7.769464015960693
7.780081033706665
7.792535066604614
7.8034608364105225
7.815897226333618
7.828456878662109
7.839375972747803
7.852596044540405
7.863927125930786
7.876658916473389
7.887826204299927
7.900997161865234
7.912065029144287
7.924806118011475
7.935493230819702
7.946223020553589
7.959256649017334
7.969879150390625
7.982946157455444
7.994548797607422
8.007062911987305
8.017863273620605
8.030045986175537
8.041885137557983
8.054494857788086
8.066773891448975
8.07781195640564
8.090834140777588
8.102075815200806
8.11540412902832
8.127588033676147
8.140583038330078
8.15137004852295
8.162070989608765
8.1735999584198
8.187019109725952
8.198323011398315
8.210363864898682
8.222540140151978
8.235275030136108
8.248156309127808
8.261109113693237
8.27224087715149
8.284263134002686
8.297767877578735
8.309203863143921
8.321817636489868
8.334012985229492
8.347153186798096
8.360765933990479
8.374281167984009
8.387830018997192
8.39863896369934
8.412170886993408
8.42568302154541
8.437515020370483
8.448262929916382
8.459501028060913
8.471343994140625
8.482799291610718
8.495323181152344
8.506409168243408
8.519642114639282
8.530354022979736
8.543029069900513
8.554442167282104
8.566869020462036
8.578186988830566
8.590472936630249
8.601901054382324
8.615074872970581
8.625984907150269
8.638514995574951
8.651587009429932
8.662238836288452
8.67334508895874
8.68577790260315
8.696477890014648
8.708194017410278
8.720152139663696
8.733118057250977
8.744231939315796
8.755767822265625
8.766280174255371
8.779049158096313
8.791565179824829
8.803956270217896
8.816285848617554
8.82882809638977
8.841619968414307
8.854458808898926
8.86576509475708
8.879143238067627
8.890799045562744
8.903787851333618
8.916569948196411
8.927213907241821
8.937662124633789
8.948186874389648
8.961372137069702
8.97279167175293
8.983268976211548
8.993753910064697
9.00608515739441
9.019130945205688
9.03055715560913
9.043227910995483
9.054023027420044
9.06462812423706
9.076221942901611
9.089308977127075
9.100714921951294
9.113703727722168
9.124433994293213
9.137893915176392
9.14925217628479
9.162505865097046
9.173317193984985
9.18674373626709
9.197820901870728
9.208691120147705
9.219892024993896
9.230764865875244
9.2425537109375
9.253539085388184
9.26596212387085
9.277369737625122
9.289485931396484
9.302661180496216
9.313872814178467
9.32549500465393
9.339051961898804
9.352438926696777
9.363682985305786
9.376806259155273
9.387539148330688
9.400080919265747
9.411404848098755
9.423974990844727
9.435151100158691
9.447613954544067
9.459375858306885
9.47017788887024
9.482538938522339
9.493126153945923
9.506290912628174
9.517301082611084
9.528141975402832
9.540823936462402
9.553732872009277
9.565696716308594
9.577469825744629
9.590358018875122
9.60108494758606
9.614468097686768
9.625744819641113
9.638040781021118
9.649274826049805
9.661464929580688
9.673022031784058
9.683854103088379
9.695653915405273
9.709221839904785
9.720064640045166
9.731630086898804
9.74429702758789
9.754945993423462
9.767033815383911
9.780028104782104
9.791738748550415
9.804501056671143
9.815063953399658
9.826745986938477
9.837867975234985
9.851298093795776
9.863504886627197
9.877054929733276
9.88820505142212
9.900978088378906
9.911821126937866
9.924284219741821
9.93635106086731
9.949256896972656
9.961453199386597
9.972702980041504
9.983949661254883
9.99495792388916
10.005940914154053
10.018653154373169
10.031231164932251
10.04331636428833
10.056112289428711
10.067967891693115
10.078903198242188
10.091339111328125
10.104840993881226
10.117743730545044
10.129005908966064
10.14195704460144
10.154784917831421
10.167325973510742
10.179558277130127
10.192492961883545
10.20415997505188
10.216754913330078
10.228891849517822
10.241297960281372
10.252732992172241
10.26619291305542
10.27967095375061
10.292819023132324
10.304079055786133
10.316570043563843
10.33013391494751
10.341068983078003
10.35355806350708
10.365310907363892
10.377885103225708
10.390613794326782
10.403286933898926
10.414155006408691
10.4268217086792
10.439329862594604
10.452779054641724
10.465179920196533
10.478706121444702
10.489670038223267
10.502665042877197
10.515658140182495
10.528611898422241
10.539332151412964
10.551177024841309
10.562448978424072
10.57324481010437
10.583837270736694
10.595668077468872
10.608816862106323
10.620492935180664
10.634178876876831
10.645717859268188
10.659255981445312
10.670093059539795
10.683180093765259
10.69511604309082
10.707046747207642
10.71894383430481
10.73039197921753
10.744014024734497
10.757560014724731
10.770323038101196
10.781923055648804
10.794006824493408
10.804702043533325
10.818252086639404
10.831812143325806
10.843409061431885
10.856616258621216
10.868581056594849
10.878988981246948
10.890262126922607
10.901673793792725
10.91261911392212
10.925452947616577
10.938930749893188
10.951127767562866
10.961846828460693
10.97260332107544
10.983399152755737
10.994009256362915
11.004885196685791
11.016280889511108
11.028596878051758
11.040560245513916
11.05315613746643
11.066263198852539
11.078375101089478
11.090713024139404
11.103535175323486
11.115888833999634
11.12948226928711
11.141731023788452
11.152775049209595
11.16534972190857
11.178868055343628
11.192463159561157
11.203278064727783
11.21533203125
11.228454828262329
11.239455938339233
11.252954721450806
11.265908002853394
11.276763916015625
11.288836002349854
11.300249814987183
11.313133955001831
11.324133157730103
11.33571481704712
11.347207069396973
11.359527826309204
11.372450113296509
11.384536981582642
11.397073984146118
11.40945315361023
11.421053171157837
11.43432092666626
11.445926904678345
11.458311796188354
11.471266031265259
11.484158039093018
11.49520206451416
11.50859808921814
11.521152019500732
11.534157991409302
11.546507835388184
11.558104038238525
11.570013284683228
11.583136796951294
11.596631050109863
11.60751724243164
11.621018171310425
11.633271217346191
11.645372152328491
11.65639615058899
11.669344902038574
11.681567192077637
11.695185899734497
11.706669807434082
11.720227003097534
11.73237919807434
11.743913888931274
11.756268978118896
11.768701076507568
11.781405925750732
11.792357921600342
11.805455923080444
11.817960262298584
11.830857992172241
11.843091249465942
11.855179071426392
11.868683099746704
11.880405902862549
11.892646312713623
11.903903007507324
11.914406776428223
11.925248146057129
11.936046838760376
11.947082042694092
11.958117723464966
11.969874858856201
11.982885837554932
11.995272159576416
12.007675886154175
12.020155191421509
12.031032800674438
12.044595003128052
12.058121919631958
12.069623947143555
12.082340955734253
12.094815015792847
12.10843801498413
12.121657848358154
12.135151147842407
12.148627996444702
12.160810232162476
12.174324989318848
12.185367107391357
12.197884798049927
12.21103572845459
12.224611759185791
12.23790693283081
12.25057578086853
12.262808084487915
12.273688077926636
12.284996032714844
12.295594930648804
12.308665037155151
