0.0015361309051513672
0.011867046356201172
0.022205829620361328
0.035121917724609375
0.04543495178222656
0.05564999580383301
0.0660240650177002
0.07689332962036133
0.0897359848022461
0.10079407691955566
0.11355805397033691
0.1260364055633545
0.13650918006896973
0.1470811367034912
0.15982818603515625
0.1725621223449707
0.1829979419708252
0.1933138370513916
0.20351004600524902
0.2158031463623047
0.2260580062866211
0.23685288429260254
0.2471170425415039
0.25746989250183105
0.26775121688842773
0.27803707122802734
0.2884669303894043
0.29879021644592285
0.30956482887268066
0.3197000026702881
0.33113908767700195
0.3431570529937744
0.3534097671508789
0.3661220073699951
0.37883973121643066
0.3915371894836426
0.40427184104919434
0.4152359962463379
0.4254322052001953
0.4362950325012207
0.44815897941589355
0.4584939479827881
0.4688582420349121
0.4816129207611084
0.49191904067993164
0.5021491050720215
0.5123798847198486
0.5241577625274658
0.535761833190918
0.546536922454834
0.5590801239013672
0.569580078125
0.5807228088378906
0.5915400981903076
0.6037991046905518
0.6140031814575195
0.624335765838623
0.635159969329834
0.645435094833374
0.6562390327453613
0.6680912971496582
0.6784682273864746
0.6888136863708496
0.7015171051025391
0.7137410640716553
0.7264268398284912
0.7391350269317627
0.7515158653259277
0.7617011070251465
0.7742812633514404
0.7856872081756592
0.7960290908813477
0.8062679767608643
0.8179700374603271
0.8282718658447266
0.8399569988250732
0.8508510589599609
0.861076831817627
0.8728311061859131
0.8847370147705078
0.8974778652191162
0.9082839488983154
0.9191820621490479
0.930351734161377
0.9406819343566895
0.9514920711517334
0.9618356227874756
0.9746489524841309
0.9874002933502197
0.9978160858154297
1.008531093597412
1.0192079544067383
1.0294840335845947
1.0399062633514404
1.05069899559021
1.0622022151947021
1.074927806854248
1.0865728855133057
1.0993409156799316
1.1117980480194092
1.1245479583740234
1.135970115661621
1.146265983581543
1.1570980548858643
1.1687901020050049
1.1791651248931885
1.1914067268371582
1.201625108718872
1.2119238376617432
1.2221598625183105
1.2323298454284668
1.2432022094726562
1.2536940574645996
1.263963222503662
1.2760391235351562
1.2887988090515137
1.2991571426391602
1.3093912601470947
1.320457935333252
1.3331410884857178
1.3439700603485107
1.355315923690796
1.3660011291503906
1.3776929378509521
1.387934923171997
1.399078130722046
1.4095609188079834
1.4199371337890625
1.4318149089813232
1.4422199726104736
1.4524202346801758
1.4645628929138184
1.4752280712127686
1.4854519367218018
1.49747896194458
1.5078959465026855
1.5190608501434326
1.5304768085479736
1.5408620834350586
1.551175832748413
1.5614242553710938
1.5738110542297363
1.5861821174621582
1.5980191230773926
1.6083769798278809
1.6186761856079102
1.630831003189087
1.641084909439087
1.6512510776519775
1.6635761260986328
1.6744239330291748
1.6847240924835205
1.6963741779327393
1.7066502571105957
1.7169249057769775
1.7292461395263672
1.739576816558838
1.7499110698699951
1.7621018886566162
1.7723920345306396
1.782696008682251
1.7949869632720947
1.8053350448608398
1.815598964691162
1.827815055847168
1.8380608558654785
1.8483140468597412
1.8607490062713623
1.8711638450622559
1.8814308643341064
1.8936951160430908
1.9050509929656982
1.916032075881958
1.9275732040405273
1.9378118515014648
1.9480328559875488
1.9596638679504395
1.9700212478637695
1.9803903102874756
1.992095947265625
2.002364158630371
2.0134170055389404
2.02500319480896
2.0352628231048584
2.0455751419067383
2.0578858852386475
2.0681509971618652
2.0785269737243652
2.090690851211548
2.101011037826538
2.1113548278808594
2.123713970184326
2.134120225906372
2.1455211639404297
2.1571431159973145
2.167513847351074
2.177790880203247
2.189286947250366
2.1995327472686768
2.20981502532959
2.220270872116089
2.230742931365967
2.241086006164551
2.2513840198516846
2.2636148929595947
2.2740139961242676
2.284348964691162
2.2965519428253174
2.3076789379119873
2.3179569244384766
2.3293561935424805
2.339599847793579
2.349919080734253
2.361124038696289
2.3714370727539062
2.3823440074920654
2.3925979137420654
2.4028427600860596
2.4131479263305664
2.4234650135040283
2.4352598190307617
2.445822238922119
2.4577436447143555
2.4694151878356934
2.4818367958068848
2.493109941482544
2.5055792331695557
2.5183420181274414
2.530803918838501
2.5435712337493896
2.5571141242980957
2.5704898834228516
2.58402419090271
2.596841812133789
2.610024929046631
2.6212620735168457
2.633986234664917
2.6462337970733643
2.659407138824463
2.6712567806243896
2.683061122894287
2.6954421997070312
2.706731081008911
2.717729091644287
2.7297699451446533
2.742615222930908
2.7539548873901367
2.7644331455230713
2.7754087448120117
2.7870688438415527
2.7980659008026123
2.810643196105957
2.823140859603882
2.8353140354156494
2.846637725830078
2.8591558933258057
2.8725078105926514
2.8859691619873047
2.899411916732788
2.9129152297973633
2.92616605758667
2.938304901123047
2.950777769088745
2.964092969894409
2.9751901626586914
2.9875969886779785
3.000370979309082
3.01175594329834
3.024783134460449
3.0368409156799316
3.049095869064331
3.0624918937683105
3.0736730098724365
3.0858869552612305
3.0968620777130127
3.110146999359131
3.1236531734466553
3.1353981494903564
3.147813081741333
3.159499168395996
3.170353889465332
3.1817400455474854
3.1952030658721924
3.2086782455444336
3.2206552028656006
3.231931209564209
3.24544095993042
3.2571568489074707
3.2706081867218018
3.2814037799835205
3.293941020965576
3.307274103164673
3.3178811073303223
3.330915927886963
3.3436129093170166
3.3564908504486084
3.3679091930389404
3.3791592121124268
3.3899450302124023
3.40157413482666
3.4130051136016846
3.426485061645508
3.4380788803100586
3.451572895050049
3.464132785797119
3.4768009185791016
3.4887938499450684
3.499969005584717
3.5127110481262207
3.525275230407715
3.5378901958465576
3.5504300594329834
3.562915086746216
3.5755269527435303
3.5873517990112305
3.5993268489837646
3.612205982208252
3.6245031356811523
3.6365790367126465
3.647472858428955
3.660248041152954
3.6729538440704346
3.6843557357788086
3.695222854614258
3.70819091796875
3.7216639518737793
3.735076904296875
3.745698928833008
3.7591917514801025
3.771845817565918
3.784501075744629
3.798142910003662
3.8090391159057617
3.822204113006592
3.8342719078063965
3.8460330963134766
3.856998920440674
3.8679001331329346
3.87882399559021
3.8897788524627686
3.9007620811462402
3.911940813064575
3.9242727756500244
3.936735153198242
3.948730945587158
3.9608590602874756
3.9741480350494385
3.9877607822418213
4.000908136367798
4.013609886169434
4.025798320770264
4.036984920501709
4.050020217895508
4.063520193099976
4.076990842819214
4.089241027832031
4.101197004318237
4.114617109298706
4.128062963485718
4.139088869094849
4.152070045471191
4.165479898452759
4.177417755126953
4.188523054122925
4.201909065246582
4.215045928955078
4.228466272354126
4.2419750690460205
4.252717971801758
4.26509690284729
4.277132034301758
4.290370225906372
4.303156137466431
4.31563401222229
4.3273210525512695
4.339909315109253
4.352487087249756
4.365041017532349
4.376644849777222
4.389129161834717
4.401103973388672
4.412820100784302
4.42601203918457
4.43859601020813
4.451206207275391
4.463778257369995
4.4752020835876465
4.487982988357544
4.500697135925293
4.513283729553223
4.524852991104126
4.53764796257019
4.550104856491089
4.562874794006348
4.574257850646973
4.5862038135528564
4.599078893661499
4.611354827880859
4.623623847961426
4.636196136474609
4.648730039596558
4.66110897064209
4.673128128051758
4.685624122619629
4.697259902954102
4.710755825042725
4.7212512493133545
4.733342170715332
4.746827125549316
4.7603230476379395
4.772773742675781
4.78409481048584
4.796851873397827
4.809229850769043
4.820995092391968
4.833542108535767
4.844448089599609
4.8579840660095215
4.869815111160278
4.8816750049591064
4.892683029174805
4.903302192687988
4.9149158000946045
4.928281307220459
4.941426992416382
4.952632188796997
4.966023921966553
4.977737903594971
4.990548133850098
5.001936197280884
5.015321731567383
5.027119874954224
5.038725137710571
5.051270008087158
5.061981916427612
5.075476884841919
5.089033365249634
5.100841760635376
5.113286256790161
5.124982833862305
5.135847806930542
5.149190902709961
5.1605751514434814
5.174052000045776
5.1875598430633545
5.200570106506348
5.21135401725769
5.223596572875977
5.237086296081543
5.2482969760894775
5.260704040527344
5.273344993591309
5.285866022109985
5.297554969787598
5.308326005935669
5.319277048110962
5.330379009246826
5.3422300815582275
5.353912115097046
5.366472244262695
5.379612922668457
5.393082141876221
5.406455039978027
5.419912099838257
5.4333860874176025
5.444901943206787
5.458287000656128
5.469779968261719
5.480971097946167
5.494062900543213
5.507488012313843
5.519807815551758
5.530624151229858
5.542961835861206
5.556432247161865
5.568904876708984
5.581584215164185
5.59508204460144
5.606821775436401
5.619072914123535
5.631219863891602
5.642924070358276
5.6563498973846436
5.66799783706665
5.681555986404419
5.695104598999023
5.707412004470825
5.719628095626831
5.732939958572388
5.7461183071136475
5.758403778076172
5.7706029415130615
5.781457901000977
5.792412996292114
5.80546498298645
5.816402196884155
5.827819108963013
5.84029221534729
5.85345196723938
5.865680932998657
5.878351211547852
5.889657735824585
5.900645017623901
5.914010763168335
5.925357103347778
5.938126087188721
5.951704978942871
5.964071035385132
5.977587938308716
5.98862624168396
6.002177715301514
6.013717174530029
6.0261852741241455
6.03698992729187
6.047864675521851
6.058076858520508
6.069746255874634
6.080834865570068
6.091011047363281
6.103484153747559
6.116963863372803
6.128628253936768
6.141034126281738
6.1528778076171875
6.165485858917236
6.178139925003052
6.189413070678711
6.202229022979736
6.214452028274536
6.227792263031006
6.239560842514038
6.2515997886657715
6.263315916061401
6.274381875991821
6.287806272506714
6.300839900970459
6.314314126968384
6.325981855392456
6.338742017745972
6.349792003631592
6.36260986328125
6.3750340938568115
6.387521743774414
6.399605989456177
6.412853002548218
6.424391746520996
6.435539960861206
6.448910713195801
6.462389945983887
6.47590708732605
6.489398956298828
6.502211809158325
6.514182090759277
6.525367975234985
6.537040948867798
6.549739837646484
6.562119245529175
6.5748748779296875
6.588443756103516
6.601030111312866
6.614617824554443
6.62836766242981
6.638999938964844
6.65032696723938
6.661512136459351
6.673923015594482
6.686684846878052
6.69791316986084
6.709314823150635
6.720767974853516
6.732623815536499
6.745193958282471
6.757285118103027
6.770460844039917
6.7840187549591064
6.796972036361694
6.810472011566162
6.821830749511719
6.833352088928223
6.845217943191528
6.8558571338653564
6.868196725845337
6.879623889923096
6.892464876174927
6.904025077819824
6.915500164031982
6.9272520542144775
6.940864086151123
6.951987981796265
6.965332984924316
6.976674795150757
6.989061117172241
7.002478837966919
7.0157458782196045
7.027856111526489
7.039080381393433
7.050839900970459
7.062326192855835
7.073448896408081
7.084985017776489
7.098468065261841
7.110050916671753
7.121484994888306
7.134749889373779
7.145900011062622
7.158814191818237
7.171860933303833
7.183956861495972
7.195409059524536
7.207144260406494
7.21806788444519
7.230635166168213
7.242582082748413
7.253249168395996
7.2647199630737305
7.278270959854126
7.291679859161377
7.305108070373535
7.317702770233154
7.329608917236328
7.341110944747925
7.3539979457855225
7.367005825042725
7.378664970397949
7.389722108840942
7.403162240982056
7.415988922119141
7.427458763122559
7.440311908721924
7.451150178909302
7.462790250778198
7.475939989089966
7.487383842468262
7.498589992523193
7.509845018386841
7.522789001464844
7.534093141555786
7.545392036437988
7.558145999908447
7.569719076156616
7.581215858459473
7.593698740005493
7.605136156082153
7.617773056030273
7.630515098571777
7.643970966339111
7.657512903213501
7.670593023300171
7.681570768356323
7.693872928619385
7.7048985958099365
7.7184157371521
7.731033086776733
7.7421488761901855
7.753813982009888
7.765772819519043
7.776752233505249
7.790294170379639
7.803307056427002
7.8159239292144775
7.828549861907959
7.841213941574097
7.8528831005096436
7.865401744842529
7.876994848251343
7.889581680297852
7.902149200439453
7.914737939834595
7.927639722824097
7.939117670059204
7.950428009033203
7.9612321853637695
7.974745273590088
7.98576807975769
7.999182224273682
8.010770797729492
8.024287939071655
8.037824869155884
8.050927877426147
8.064512968063354
8.076329946517944
8.088894844055176
8.100509881973267
8.113148927688599
8.125684976577759
8.13767123222351
8.150099039077759
8.161257028579712
8.173853158950806
8.18558382987976
8.199187755584717
8.211893558502197
8.22469711303711
8.238219976425171
8.249941110610962
8.26122498512268
8.27461290359497
8.28816294670105
8.30070185661316
8.312410116195679
8.324076890945435
8.336624145507812
8.348436832427979
8.36119818687439
8.373003959655762
8.385487079620361
8.397725820541382
8.410340785980225
8.422979831695557
8.43557095527649
8.447299003601074
8.458019971847534
8.471555948257446
8.485091924667358
8.496834754943848
8.509398937225342
8.52235198020935
8.533641815185547
8.546247005462646
8.558840990066528
8.572260856628418
8.583400964736938
8.595808982849121
8.608590841293335
8.62053918838501
8.631429195404053
8.642319917678833
8.653849124908447
8.66493010520935
8.67786693572998
8.689210891723633
8.70274305343628
8.716310024261475
8.72904920578003
8.741461992263794
8.75400686264038
8.766752243041992
8.778280258178711
8.7917959690094
8.803234100341797
8.81529688835144
8.82881498336792
8.840482234954834
8.852725982666016
8.865060806274414
8.875787019729614
8.8888418674469
8.901654958724976
8.913497924804688
8.925472974777222
8.939088106155396
8.951197862625122
8.964842081069946
8.97582721710205
8.98823094367981
9.000680923461914
9.014213800430298
9.0277419090271
9.041275024414062
9.052417993545532
9.064152956008911
9.07787299156189
9.090695142745972
9.103509902954102
9.114358901977539
9.124905347824097
9.135468006134033
9.1475350856781
9.1583411693573
9.16958212852478
9.180142879486084
9.192589044570923
9.205016136169434
9.218535900115967
9.23130178451538
9.241997957229614
9.254833936691284
9.268468856811523
9.281863927841187
9.295377969741821
9.308968305587769
9.32209587097168
9.334878921508789
9.34823989868164
9.36109209060669
9.374602794647217
9.387975931167603
9.40149211883545
9.414594650268555
9.42805814743042
9.440540313720703
9.454162836074829
9.465894222259521
9.479397058486938
9.492929935455322
9.506456136703491
9.519112348556519
9.529745817184448
9.541147947311401
9.553483009338379
9.56609582901001
9.578696012496948
9.591316938400269
9.602874994277954
9.615654945373535
9.628201007843018
9.641205072402954
9.652435064315796
9.664138078689575
9.676850080490112
9.689269065856934
9.701858758926392
9.715376138687134
9.727235078811646
9.739709854125977
9.751412153244019
9.76443600654602
9.775650024414062
9.786608219146729
9.797259092330933
9.81003999710083
9.822670936584473
9.834794044494629
9.846121072769165
9.859239101409912
9.870069980621338
9.882781982421875
9.894258975982666
9.905423164367676
9.916522026062012
9.928954124450684
9.94171690940857
9.954253196716309
9.966180801391602
9.978941202163696
9.990293025970459
10.003864049911499
10.015294790267944
10.028231859207153
10.040894985198975
10.053563117980957
10.066948652267456
10.080397129058838
10.094038009643555
10.107528924942017
10.121061086654663
10.132362842559814
10.143509864807129
10.156038045883179
10.167003154754639
10.179418087005615
10.190234184265137
10.2030770778656
10.216721057891846
10.230311870574951
10.242956161499023
10.256062984466553
10.269623041152954
10.2814199924469
10.292160034179688
10.304924964904785
10.317348003387451
10.328480005264282
10.339782953262329
10.353312015533447
10.366884708404541
10.378723859786987
10.392261743545532
10.404009103775024
10.417134761810303
10.428509950637817
10.441297769546509
10.45253586769104
10.463933944702148
10.47655177116394
10.488470077514648
10.502005100250244
10.515541791915894
10.527421951293945
10.53850793838501
10.551815032958984
10.565359115600586
10.576918125152588
10.588133096694946
10.601110696792603
10.613075971603394
10.626415967941284
10.640016078948975
10.651325941085815
10.663074016571045
10.675967931747437
10.686866998672485
10.700419902801514
10.711331129074097
10.724699974060059
10.736988306045532
10.749696016311646
10.761068105697632
10.771804809570312
10.78321886062622
10.79414701461792
10.807454109191895
10.821033000946045
10.8333420753479
10.84607481956482
10.857345819473267
10.869961023330688
10.882076025009155
10.894754886627197
10.906458139419556
10.91913890838623
10.930920839309692
10.944578170776367
10.955827951431274
10.968440771102905
10.981141805648804
10.993737936019897
11.005443096160889
11.017783880233765
11.02999997138977
11.041607856750488
11.054803848266602
11.06735897064209
11.080189228057861
11.092763900756836
11.104568004608154
11.11534595489502
11.126677989959717
11.1391019821167
11.151668071746826
11.163373947143555
11.175167322158813
11.187052011489868
11.20064926147461
11.212179899215698
11.223075151443481
11.236355066299438
11.249913215637207
11.261590003967285
11.272849798202515
11.285864353179932
11.299444913864136
11.312064170837402
11.323978185653687
11.337426900863647
11.350974082946777
11.364131212234497
11.376929759979248
11.390467166900635
11.404104948043823
11.416646957397461
11.42745304107666
11.438853979110718
11.452240705490112
11.465782165527344
11.477504014968872
11.490486145019531
11.501827955245972
11.512431144714355
11.52357292175293
11.534850120544434
11.546027183532715
11.559548139572144
11.57072114944458
11.583510160446167
11.596444129943848
11.607566118240356
11.618996858596802
11.630644083023071
11.641727209091187
11.655254125595093
11.666540145874023
11.679269075393677
11.691859245300293
11.703204154968262
11.71612811088562
11.727101802825928
11.738062858581543
11.748373031616211
11.76000690460205
11.772507905960083
11.786026954650879
11.798504829406738
11.81196904182434
11.825223922729492
11.83795690536499
11.850843906402588
11.862933158874512
11.873968124389648
11.886582136154175
11.897588014602661
11.909073829650879
11.92108702659607
11.933720827102661
11.946438074111938
11.957741975784302
11.969430923461914
11.98304295539856
11.996540307998657
12.00994086265564
12.02189588546753
12.034466743469238
12.046025276184082
12.059821128845215
12.071241855621338
12.084660053253174
12.095674991607666
12.108283996582031
12.121031045913696
12.1334388256073
12.14441704750061
12.157741785049438
12.169517040252686
12.18043327331543
12.193946123123169
12.20743703842163
12.220221042633057
12.230930805206299
12.244200944900513
12.257676839828491
12.269474029541016
12.280496835708618
12.293722867965698
12.307134866714478
12.319138050079346
6.367350101470947
6.379908084869385
6.3914103507995605
6.401594161987305
6.4117431640625
6.4218549728393555
6.434523820877075
6.446748971939087
6.458193063735962
6.469273805618286
6.480631113052368
6.492946147918701
6.504573106765747
6.5180768966674805
6.529642105102539
6.543208837509155
6.554240942001343
6.565302133560181
6.577564001083374
6.590179920196533
6.602759122848511
6.616253852844238
6.6294238567352295
6.641983985900879
6.652946949005127
6.664971828460693
6.676438093185425
6.688084125518799
6.701199769973755
6.714725971221924
6.725775957107544
6.738349914550781
6.751426696777344
6.764951944351196
6.778295993804932
6.791054010391235
6.8036627769470215
6.816327095031738
6.827013969421387
6.837523937225342
6.848363876342773
6.861201286315918
6.872533321380615
6.885297775268555
6.895663022994995
6.906551122665405
6.9171142578125
6.927717924118042
6.938682317733765
6.95201301574707
6.963014125823975
6.975409030914307
6.987535715103149
7.00114893913269
7.012469053268433
7.023935079574585
7.034463882446289
7.046855926513672
7.060106039047241
7.07334303855896
7.086580991744995
7.097249984741211
7.109694957733154
7.120887041091919
7.13221287727356
7.143952131271362
7.15566611289978
7.167404651641846
7.178261995315552
7.189251899719238
7.202340841293335
7.215581893920898
7.226755857467651
7.240081787109375
7.25248122215271
7.265486001968384
7.276294231414795
7.288452863693237
7.301965951919556
7.315291881561279
7.328600168228149
7.339653730392456
7.350430965423584
7.361068964004517
7.371707916259766
7.384407043457031
7.396813154220581
7.4083240032196045
7.421555042266846
7.432549953460693
7.444499969482422
7.4568681716918945
7.468724012374878
7.48098611831665
7.492072105407715
7.5045881271362305
7.5155839920043945
7.526163101196289
7.537837743759155
7.5489349365234375
7.562478065490723
7.574371814727783
7.587544202804565
7.598610162734985
7.611263036727905
7.621711015701294
7.634045124053955
7.6448540687561035
7.655478000640869
7.6687092781066895
7.680896997451782
7.6915810108184814
7.704172849655151
7.716485977172852
7.7300050258636475
7.743514776229858
7.754941940307617
7.7657928466796875
7.779301881790161
7.790180683135986
7.800940990447998
7.813096284866333
7.8241777420043945
7.8351891040802
7.846344947814941
7.858587980270386
7.870219945907593
7.881349086761475
7.893224239349365
7.904411792755127
7.916637897491455
7.928231954574585
7.940891981124878
7.953535079956055
7.9668800830841064
7.978879928588867
7.991488933563232
8.003132104873657
8.01515007019043
8.027110815048218
8.040469884872437
8.051573753356934
8.062463998794556
8.073660135269165
8.084742069244385
8.096931219100952
8.109363317489624
8.122920989990234
8.13625431060791
8.148207187652588
8.160282135009766
8.17379903793335
8.18734073638916
8.200628280639648
8.211857080459595
8.22474217414856
8.237366914749146
8.250123977661133
8.263719081878662
8.274221897125244
8.286298036575317
8.298218250274658
8.309343099594116
8.321569919586182
8.335056066513062
8.34859323501587
8.361585855484009
8.373233079910278
8.385848045349121
8.39846682548523
8.410958051681519
8.422676086425781
8.435366868972778
8.446094036102295
8.458923101425171
8.472112894058228
8.48562479019165
8.497978925704956
8.51154375076294
8.524264335632324
8.536958932876587
8.549282789230347
8.562795877456665
8.575745105743408
8.586867094039917
8.600356101989746
8.612537145614624
8.62470006942749
8.637101888656616
8.64951205253601
8.660758018493652
8.671947002410889
8.68294382095337
8.69486689567566
8.706792831420898
8.719555139541626
8.732133150100708
8.745319843292236
8.756475925445557
8.7689790725708
8.779595136642456
8.791400909423828
8.802425146102905
8.815542936325073
8.827188968658447
8.839870929718018
8.85343313217163
8.866974115371704
8.87776803970337
8.891276121139526
8.9030179977417
8.91659426689148
8.927787065505981
8.939105033874512
8.950137853622437
8.962831974029541
8.975433826446533
8.987927198410034
8.999346017837524
9.012598037719727
9.023859024047852
9.037149906158447
9.049247026443481
9.061903238296509
9.074438095092773
9.086932182312012
9.09877896308899
9.111284017562866
9.123836994171143
9.136632919311523
9.148190975189209
9.160516738891602
9.171897888183594
9.182910919189453
9.196489810943604
9.207246780395508
9.218727827072144
9.230577230453491
9.243932962417603
9.25593900680542
9.268707275390625
9.280236005783081
9.292611122131348
9.30495810508728
9.315909147262573
9.327862977981567
9.338925838470459
9.350831031799316
9.362791061401367
9.375277280807495
9.386561155319214
9.397717714309692
9.411243915557861
9.424878120422363
9.43818974494934
9.451013088226318
9.464552164077759
9.478085994720459
9.49074912071228
9.50338101387024
9.515218019485474
9.527782201766968
9.540177822113037
9.552795886993408
9.565412044525146
9.57710576057434
9.589081048965454
9.60136079788208
9.614887952804565
9.626605987548828
9.637408971786499
9.650927782058716
9.664444923400879
9.676060914993286
9.686753988265991
9.697897911071777
9.709048986434937
9.721594095230103
9.734334230422974
9.747861385345459
9.761377096176147
9.774949073791504
9.787908792495728
9.80053186416626
9.812328100204468
9.824728012084961
9.837250709533691
9.848650932312012
9.862189054489136
9.873300075531006
9.886641263961792
9.898567914962769
9.910351753234863
9.923844814300537
9.934506893157959
9.947029829025269
9.959905862808228
9.972333908081055
9.982967138290405
9.994672298431396
10.005928039550781
10.019504070281982
10.032926321029663
10.045852184295654
10.056490898132324
10.069920063018799
10.083032131195068
10.095503807067871
10.106565237045288
10.119294166564941
10.131506204605103
10.145023107528687
10.158573150634766
10.171635866165161
10.184219121932983
10.196599960327148
10.210152864456177
10.223781824111938
10.235431909561157
10.24666714668274
10.260036945343018
10.27361798286438
10.285286903381348
10.296346187591553
10.307576179504395
10.319797039031982
10.333311080932617
10.346837997436523
10.360289812088013
10.372884035110474
10.3855721950531
10.399346828460693
10.411752939224243
10.42445182800293
10.436048984527588
10.44687294960022
10.459285259246826
10.470800876617432
10.48198127746582
10.494929075241089
10.50617790222168
10.519813776016235
10.533473014831543
10.54573106765747
10.558109998703003
10.56998872756958
10.582214117050171
10.595193147659302
10.60779881477356
10.619559049606323
10.631251096725464
10.644681215286255
10.658270835876465
10.670036792755127
10.681694030761719
10.69451379776001
10.705962896347046
10.71949315071106
10.733055114746094
10.746203899383545
10.759761095046997
10.771795988082886
10.784424781799316
10.796916007995605
10.810014963150024
10.822844982147217
10.833933115005493
10.845165014266968
10.856873989105225
10.869422197341919
10.882961988449097
10.896496057510376
10.909128904342651
10.921701908111572
10.933759927749634
10.945457935333252
10.957271814346313
10.969764709472656
10.982538938522339
10.995985984802246
11.009175062179565
11.022706985473633
11.036329984664917
11.04905080795288
11.060698986053467
11.074290990829468
11.087930917739868
11.098943948745728
11.111402988433838
11.123687267303467
11.135051012039185
11.148128986358643
11.161649227142334
11.174138069152832
11.185967922210693
11.196687936782837
11.210147857666016
11.223228931427002
11.235914945602417
11.247545003890991
11.26041579246521
11.27261996269226
11.28516411781311
11.297158241271973
11.309158086776733
11.322266101837158
11.335795879364014
11.34931492805481
11.36297869682312
11.374286890029907
11.387187957763672
11.399320125579834
11.412261247634888
11.425786972045898
11.439078092575073
11.45260214805603
11.466192245483398
11.478116750717163
11.491636991500854
11.503972291946411
11.517495155334473
11.531052827835083
11.543745756149292
11.556964635848999
11.568347930908203
11.57944917678833
11.593036890029907
11.605623960494995
11.618560075759888
11.62938904762268
11.640520095825195
11.652828216552734
11.663934230804443
11.676856994628906
11.690407752990723
11.70267391204834
11.715587139129639
11.727260112762451
11.739138841629028
11.75190019607544
11.76412320137024
11.776295900344849
11.789494037628174
11.803031921386719
11.815807819366455
11.828902006149292
11.841103792190552
11.85197377204895
11.86486291885376
11.875804901123047
11.886703968048096
11.899703979492188
11.911788940429688
11.92289686203003
11.934322834014893
11.947533130645752
11.961169719696045
11.97459888458252
11.988180160522461
11.999876737594604
12.01250696182251
12.024192094802856
12.036761999130249
12.049324750900269
12.061146974563599
12.072295904159546
12.083178997039795
12.09671401977539
12.10993504524231
12.121500015258789
12.132625102996826
12.145848035812378
12.159191131591797
12.17201828956604
12.185281038284302
12.197910070419312
12.21067190170288
12.222404956817627
12.2350492477417
12.246191263198853
12.258580923080444
12.270169973373413
12.280946969985962
12.29333209991455
12.305200099945068
12.318742036819458
12.330344200134277
12.343420267105103
12.354689121246338
12.367352962493896
12.380007266998291
12.39112114906311
12.403887271881104
12.417439222335815
12.429546117782593
12.440522909164429
12.453756093978882
12.467339992523193
12.480572938919067
12.49364709854126
12.50508713722229
12.516093969345093
12.528773069381714
12.541617155075073
12.552986145019531
12.565649032592773
12.57741403579712
12.590106010437012
12.601205110549927
12.612889766693115
12.626413822174072
12.640048027038574
6.356511831283569
6.366662979125977
6.378185987472534
6.388999938964844
6.399165153503418
6.411092042922974
6.422540903091431
6.435470104217529
6.44873309135437
6.461282968521118
6.47228217124939
6.4830121994018555
6.496361970901489
6.5068039894104
6.518376111984253
6.53005576133728
6.541636228561401
6.554194927215576
6.566650867462158
6.5783021450042725
6.590942859649658
6.603500127792358
6.614266872406006
6.627755641937256
6.641245126724243
6.652313947677612
6.665878057479858
6.678267002105713
6.6907689571380615
6.702494859695435
6.715132236480713
6.727623224258423
6.740118980407715
6.753606796264648
6.76709508895874
6.7778000831604
6.789690971374512
6.801605701446533
6.813984155654907
6.826368808746338
6.837400913238525
6.848324775695801
6.859920978546143
6.8734190464019775
6.886937856674194
6.8999998569488525
6.911173105239868
6.923238754272461
6.935712099075317
6.948246955871582
6.961775779724121
6.972312927246094
6.985311985015869
6.99882698059082
7.011515855789185
7.0241539478302
7.03528904914856
7.048227071762085
7.06181788444519
7.07358193397522
7.085111141204834
7.097715377807617
7.110327243804932
7.123015880584717
7.136563777923584
7.147756099700928
7.161247968673706
7.174602031707764
7.1867451667785645
7.200484037399292
7.21354603767395
7.225782871246338
7.238435745239258
7.251122951507568
7.262655258178711
7.273391008377075
7.284390211105347
7.297924995422363
7.311072826385498
7.324634075164795
7.337296009063721
7.350584030151367
7.361682891845703
7.372495174407959
7.383448839187622
7.394231081008911
7.407596111297607
7.41965913772583
7.432115077972412
7.443783760070801
7.456295967102051
7.46757698059082
7.480149984359741
7.493176221847534
7.504617929458618
7.517316818237305
7.529962062835693
7.542579889297485
7.554902076721191
7.566272020339966
7.579773902893066
7.592026710510254
7.605271100997925
7.616889238357544
7.627621173858643
7.641125917434692
7.6546471118927
7.667349100112915
7.680870056152344
7.694336891174316
7.707396030426025
7.7183191776275635
7.730089902877808
7.743595123291016
7.75687575340271
7.769908905029297
7.782084226608276
7.793724775314331
7.806131839752197
7.8173089027404785
7.830803871154785
7.843431234359741
7.8558030128479
7.86930513381958
7.881559133529663
7.892705917358398
7.903482913970947
7.914267063140869
7.925194025039673
7.9377429485321045
7.951285123825073
7.96357798576355
7.975888013839722
7.986962795257568
7.998852252960205
8.010074138641357
8.023508071899414
8.037000894546509
8.049214124679565
8.062201976776123
8.074766874313354
8.085783958435059
8.098416090011597
8.109347820281982
8.120919942855835
8.13188886642456
8.145002841949463
8.15849494934082
8.171303987503052
8.182601928710938
8.193910598754883
8.207358837127686
8.22085976600647
8.234370946884155
8.24757194519043
8.26010799407959
8.271816968917847
8.284425020217896
8.29786205291748
8.309471130371094
8.321994066238403
8.333961963653564
8.345885992050171
8.358829736709595
8.370297193527222
8.382874250411987
8.395774126052856
8.408307075500488
8.421786069869995
8.435431957244873
8.447265148162842
8.458415985107422
8.470818042755127
8.482512712478638
8.494632959365845
8.505668878555298
8.518336057662964
8.531076908111572
8.54209589958191
8.555622816085815
8.569196939468384
8.581049680709839
8.593639135360718
8.606315851211548
8.619879007339478
8.633443117141724
8.646952152252197
8.660361051559448
8.67214298248291
8.68478512763977
8.6961510181427
8.709197044372559
8.72222900390625
8.735767126083374
8.749420881271362
8.763050079345703
8.77655291557312
8.78817892074585
8.801669120788574
8.815168857574463
8.828304767608643
8.840918064117432
8.853346109390259
8.865881204605103
8.879384994506836
8.890568017959595
8.903268814086914
8.915663957595825
8.927363157272339
8.939683675765991
8.952545881271362
8.965208053588867
8.978712797164917
8.992335081100464
9.005649089813232
9.018451929092407
9.029756784439087
9.042685270309448
9.056197881698608
9.068639993667603
9.081592798233032
9.094792366027832
9.108406066894531
9.11982011795044
9.1319739818573
9.14327096939087
9.156752824783325
9.168377161026001
9.1793212890625
9.192605257034302
9.206301212310791
9.218015909194946
9.230676889419556
9.242441892623901
9.254671812057495
9.267354011535645
9.279949188232422
9.290734767913818
9.303504943847656
9.316912174224854
9.328776121139526
9.341137170791626
9.351867198944092
9.364715099334717
9.377232074737549
9.390406847000122
9.402040958404541
9.414997100830078
9.426203966140747
9.439842939376831
9.45336127281189
9.464949131011963
9.47825813293457
9.489511251449585
9.50015902519226
9.513787746429443
9.527286052703857
9.53875207901001
9.552263021469116
9.563953161239624
9.576714038848877
9.587954044342041
9.600521087646484
9.613501071929932
9.627232074737549
9.640825986862183
9.654317140579224
9.667750835418701
9.67980694770813
9.691431760787964
9.703805923461914
9.716623067855835
9.728599071502686
9.741138219833374
9.753453016281128
9.765552997589111
9.776716947555542
9.787949800491333
9.798912048339844
9.811700344085693
9.82426118850708
9.835785865783691
9.84850001335144
9.861066102981567
9.873723030090332
9.885415077209473
9.896166801452637
9.908265113830566
9.9218270778656
9.934707880020142
9.9482901096344
9.960078001022339
9.9736168384552
9.987140893936157
9.999613761901855
10.013211250305176
10.024999856948853
10.03600788116455
10.047430276870728
10.05834436416626
10.070789813995361
10.0817711353302
10.092752933502197
10.104748010635376
10.116031169891357
10.129004955291748
10.141575813293457
10.152405023574829
10.165571928024292
10.177724123001099
10.1909818649292
10.202091217041016
10.215166091918945
10.228441953659058
10.241070032119751
10.252246856689453
10.264857053756714
10.276634931564331
10.290087223052979
10.303776979446411
10.314884185791016
10.328346967697144
10.339700937271118
10.353261709213257
10.366809129714966
10.37883996963501
10.390044212341309
10.40177297592163
10.415295124053955
10.428824663162231
10.442235946655273
10.453536033630371
10.464789867401123
10.475876808166504
10.488368034362793
10.499677896499634
10.51256012916565
10.526094913482666
10.539486169815063
10.551746606826782
10.565223932266235
10.578657865524292
10.592218160629272
10.604797840118408
10.61591386795044
10.628405809402466
10.641268968582153
10.653332233428955
10.664308071136475
10.677076816558838
10.6878080368042
10.698957204818726
10.710170984268188
10.72093391418457
10.734458208084106
10.747995138168335
10.760473251342773
10.773931980133057
10.785831928253174
10.798329830169678
10.810024976730347
10.822625875473022
10.835222244262695
10.84787917137146
10.859612941741943
10.87234091758728
10.884922742843628
10.89763617515564
10.90923285484314
10.921592950820923
10.934350728988647
10.946071147918701
10.958729028701782
10.969549179077148
10.980790138244629
10.991604089736938
11.003840923309326
11.016870260238647
11.029428005218506
11.04299020767212
11.055896997451782
11.069375991821289
11.081929922103882
11.095470905303955
11.108903884887695
11.121762990951538
11.132980108261108
11.145528793334961
11.157156944274902
11.169720888137817
11.180783987045288
11.192991018295288
11.205756902694702
11.217456817626953
11.22871208190918
11.239657878875732
11.252311944961548
11.265111923217773
11.277158975601196
11.289155006408691
11.300389051437378
11.313701152801514
11.324785947799683
11.335861921310425
11.347591400146484
11.360193014144897
11.37178921699524
11.382641077041626
11.395756959915161
11.40836501121521
11.419679880142212
11.431566715240479
11.444509983062744
11.457118034362793
11.4699547290802
11.48353099822998
11.496134042739868
11.508723974227905
11.520211935043335
11.533557891845703
11.54521107673645
11.555695056915283
11.566104888916016
11.577209949493408
11.589968919754028
11.602449178695679
11.615883827209473
11.627439975738525
11.6389479637146
11.651541948318481
11.664995193481445
11.676517963409424
11.689180135726929
11.70247483253479
11.715995788574219
11.727497100830078
11.74006199836731
11.75147294998169
11.762067794799805
11.77337121963501
11.786915063858032
11.800502061843872
11.811153888702393
11.822766304016113
11.834718942642212
11.846745014190674
11.85788607597351
11.86884617805481
11.88231897354126
11.895848274230957
11.909263849258423
11.922641038894653
11.936185836791992
11.948574781417847
11.959654092788696
11.971566677093506
11.98321008682251
11.995851039886475
12.008540153503418
12.021081924438477
12.032275915145874
12.045646905899048
12.058507919311523
12.072049856185913
12.085742235183716
12.0972740650177
12.10801386833191
12.120955228805542
12.132079839706421
12.145615816116333
12.156958818435669
12.1701500415802
12.181323051452637
12.193936824798584
12.20655107498169
12.220062971115112
12.233656883239746
12.247292041778564
12.258054256439209
12.270743131637573
12.28360891342163
12.295966863632202
12.30772089958191
12.319005012512207
12.329960107803345
12.343546867370605
12.356046199798584
12.369539976119995
12.382171869277954
12.393213033676147
12.405520915985107
12.417754888534546
12.429293155670166
12.441436052322388
12.454149007797241
12.466807842254639
12.479058027267456
12.49003005027771
12.502512216567993
12.515148162841797
12.528721332550049
12.54229211807251
12.55285120010376
12.566422700881958
12.57758378982544
12.588389873504639
12.600897073745728
12.61412501335144
12.627448081970215
12.638388872146606
12.651982069015503
12.663274049758911
6.394418239593506
6.405226945877075
6.418626070022583
6.432007312774658
6.4451141357421875
6.455986022949219
6.46865701675415
6.482157945632935
6.493166208267212
6.505828142166138
6.5181169509887695
6.531271934509277
6.542377948760986
6.553128957748413
6.564082860946655
6.575268983840942
6.588309049606323
6.600456237792969
6.612162113189697
6.624238967895508
6.637211084365845
6.649724960327148
6.66075325012207
6.67172908782959
6.682775974273682
6.693822860717773
6.706773996353149
6.720379829406738
6.733076095581055
6.746568202972412
6.758385181427002
6.772294998168945
6.785220146179199
6.797924757003784
6.810388803482056
6.822736978530884
6.834578037261963
6.847333908081055
6.860824823379517
6.872793912887573
6.88628888130188
6.8997907638549805
6.913284063339233
6.927101135253906
6.93907618522644
6.9497809410095215
6.96306300163269
6.976584196090698
6.989706993103027
7.001842975616455
7.015403985977173
7.028637886047363
7.040706157684326
7.0518479347229
7.0626490116119385
7.074757814407349
7.086272954940796
7.0987138748168945
7.110781908035278
7.1215620040893555
7.133591890335083
7.144419193267822
7.15678596496582
7.1683971881866455
7.181890964508057
7.193559169769287
7.20713996887207
7.220486164093018
7.232410907745361
7.245950937271118
7.257965087890625
7.268861293792725
7.279889106750488
7.292378902435303
7.305602073669434
7.319095849990845
7.332426071166992
7.343702793121338
7.355396747589111
7.367714166641235
7.378973007202148
7.390018939971924
7.402571678161621
7.415370941162109
7.429004192352295
7.442573070526123
7.456151723861694
7.469775915145874
7.481705904006958
7.493662118911743
7.5066399574279785
7.520155191421509
7.533773183822632
7.5454559326171875
7.556668043136597
7.570300340652466
7.583817958831787
7.595077991485596
7.608581304550171
7.622162818908691
7.635721921920776
7.649245023727417
7.66286301612854
7.673738241195679
7.687283992767334
7.700789928436279
7.712325811386108
7.7258360385894775
7.737636089324951
7.748637914657593
7.761381149291992
7.772830963134766
7.786412000656128
7.799939870834351
7.813525915145874
7.824530124664307
7.835770845413208
7.84941291809082
7.86260986328125
7.876081943511963
7.887784004211426
7.901252031326294
7.912153720855713
7.92284631729126
7.933987140655518
7.944695949554443
7.95771598815918
7.970022201538086
7.98353385925293
7.9945409297943115
8.008054971694946
8.019736766815186
8.033248901367188
8.04495096206665
8.058500289916992
8.070830821990967
8.082995891571045
8.096603155136108
8.109982967376709
8.122659921646118
8.135478973388672
8.14668893814087
8.159466981887817
8.172359943389893
8.184700965881348
8.1981520652771
8.210318088531494
8.221435070037842
8.234133005142212
8.246093988418579
8.258216857910156
8.271742105484009
8.28510308265686
8.298643827438354
8.311836957931519
8.324347019195557
8.337152004241943
8.349573135375977
8.36200499534607
8.373323917388916
8.3868408203125
8.39956784248352
8.412457942962646
8.425935983657837
8.439488887786865
8.45040488243103
8.461672067642212
8.472753763198853
8.485325813293457
8.497926235198975
8.508957862854004
8.51992392539978
8.533252716064453
8.546779155731201
8.56031322479248
8.571165800094604
8.582621812820435
8.596090078353882
8.607839107513428
8.620553016662598
8.631492137908936
8.645011901855469
8.658522844314575
8.67053508758545
8.682777166366577
8.695764064788818
8.708302974700928
8.720219850540161
8.731567859649658
8.742603063583374
8.75611686706543
8.769644021987915
8.783166885375977
8.794741153717041
8.806989908218384
8.819053173065186
8.832881927490234
8.844046115875244
8.856509923934937
8.868517875671387
8.881361961364746
8.892652034759521
8.903691053390503
8.914700984954834
8.926839828491211
8.939475059509277
8.95103907585144
8.963298797607422
8.976099014282227
8.988750219345093
9.000350952148438
9.013803243637085
9.026234865188599
9.039596796035767
9.050517797470093
9.062268257141113
9.075319051742554
9.086335897445679
9.099245071411133
9.11227297782898
9.123530864715576
9.13676905632019
9.148865938186646
9.161271095275879
9.173134803771973
9.184666156768799
9.195966005325317
9.206989288330078
9.219552993774414
9.231189012527466
9.243816137313843
9.255935907363892
9.26902985572815
9.28078317642212
9.293416976928711
9.30592393875122
9.318601131439209
9.329761981964111
9.342803001403809
9.354637145996094
9.366414070129395
9.379666090011597
9.39308786392212
9.404875993728638
9.415969133377075
9.42910099029541
9.440284729003906
9.453739881515503
9.466243982315063
9.478877305984497
9.48948884010315
9.502285957336426
9.514155149459839
9.526873111724854
9.54030704498291
9.551756143569946
9.563807010650635
9.577337980270386
9.590861082077026
9.604209899902344
9.617447853088379
9.630123853683472
9.643606185913086
9.657146692276001
9.668938159942627
9.681136131286621
9.692205905914307
9.705739974975586
9.719028949737549
9.732313871383667
9.744218826293945
9.756850957870483
9.767883777618408
9.781436920166016
9.792659044265747
9.804210186004639
9.817032098770142
9.83058786392212
9.841822862625122
9.855113983154297
9.86716103553772
9.879629135131836
9.89133596420288
9.904803037643433
9.916539192199707
9.930064916610718
9.942066192626953
9.955672025680542
9.966691732406616
9.977797985076904
9.99029803276062
10.002896785736084
10.015726089477539
10.029255867004395
10.042785882949829
10.05482792854309
10.065754890441895
10.078769207000732
10.091514110565186
10.104164123535156
10.11538028717041
10.127401113510132
10.139146089553833
10.152683019638062
10.164216041564941
10.17739200592041
10.18794584274292
10.201143026351929
10.214056968688965
10.227592945098877
10.241169929504395
10.25423002243042
10.267918825149536
10.280535221099854
10.292788028717041
10.304054021835327
10.31510615348816
10.327906131744385
10.341534852981567
10.35499095916748
10.366053819656372
10.379245042800903
10.391683101654053
10.403271198272705
10.415012121200562
10.42666220664978
10.440197229385376
10.452847003936768
10.464095830917358
10.476240873336792
10.489879131317139
10.503491163253784
10.515912055969238
10.528074979782104
10.540442705154419
10.551239967346191
10.5642249584198
10.57724118232727
10.590204238891602
10.600943088531494
10.61393690109253
10.624957084655762
10.638007879257202
10.65100383758545
10.66222095489502
10.675910949707031
10.68740701675415
10.700798988342285
10.714158773422241
10.726030111312866
10.738191843032837
10.750328063964844
10.762769222259521
10.775515794754028
10.788121938705444
10.79984426498413
10.813369035720825
10.826551914215088
10.837792158126831
10.850723028182983
10.863306045532227
10.874189138412476
10.8868088722229
10.898972988128662
10.912564039230347
10.92436671257019
10.936676025390625
10.948417663574219
10.961193799972534
10.973665952682495
10.985986948013306
10.999541997909546
11.012337923049927
11.025132894515991
11.038686990737915
11.04908275604248
11.062453031539917
11.073524951934814
11.085486888885498
11.097440958023071
11.11011004447937
11.122167825698853
11.135706663131714
11.146842241287231
11.160396099090576
11.171836137771606
11.182924032211304
11.196324110031128
11.209579944610596
11.221826076507568
11.23535418510437
11.246728897094727
11.260326862335205
11.271405935287476
11.283788919448853
11.295583009719849
11.308047771453857
11.320434093475342
11.331632852554321
11.342893123626709
11.353968143463135
11.366456031799316
11.378121137619019
11.390785932540894
11.403295993804932
11.416598796844482
11.427741289138794
11.43898892402649
11.450967073440552
11.46369218826294
11.4771568775177
11.490553140640259
11.502348184585571
11.514369010925293
11.526813983917236
11.539499044418335
11.552119016647339
11.564047813415527
11.576347827911377
11.58780288696289
11.599081993103027
11.612626791000366
11.624145746231079
11.635199069976807
11.648742198944092
11.66016697883606
11.67257285118103
11.685987949371338
11.697610139846802
11.70825719833374
11.719538927078247
11.731804132461548
11.743491888046265
11.757053852081299
11.770643949508667
11.783880949020386
11.796018838882446
11.809506177902222
11.823012113571167
11.836655855178833
11.849329948425293
11.861989974975586
11.873764991760254
11.886279106140137
11.898941993713379
11.912505149841309
11.926150798797607
11.939688920974731
11.951457023620605
11.965017080307007
11.978625059127808
11.99197506904602
12.00556993484497
12.019148111343384
12.031078100204468
12.044615030288696
12.05815315246582
12.07176423072815
12.083999872207642
12.096995830535889
12.108037948608398
12.121517181396484
12.135091304779053
12.146836280822754
12.159482955932617
12.171103239059448
12.182093143463135
12.194752216339111
12.20719313621521
12.220669031143188
12.232172012329102
12.245741128921509
12.259344100952148
12.270473957061768
12.283258199691772
12.295340061187744
12.30782699584961
12.320083141326904
12.332587003707886
12.345340967178345
12.357876777648926
12.369369983673096
12.382037162780762
12.39476490020752
12.40752100944519
12.419049263000488
12.430999994277954
12.443968057632446
12.457483053207397
12.46858811378479
12.479332208633423
12.492877960205078
12.506425142288208
12.51808476448059
12.531677007675171
12.543420791625977
12.555721998214722
12.569274187088013
12.582818031311035
12.596392154693604
12.609487056732178
12.623037815093994
12.636738061904907
12.648754835128784
12.659872055053711
12.67099905014038
12.683505773544312
12.69603681564331
12.708722829818726
12.721365213394165
12.733035802841187
