0.0011150836944580078
0.01297903060913086
0.025007963180541992
0.03594493865966797
0.04868006706237793
0.059394121170043945
0.07037115097045898
0.0828711986541748
0.09392619132995605
0.10535192489624023
0.1163017749786377
0.12708091735839844
0.13782286643981934
0.15069317817687988
0.16215920448303223
0.1733100414276123
0.18427014350891113
0.19520902633666992
0.2062211036682129
0.2170109748840332
0.22907805442810059
0.23998308181762695
0.25090622901916504
0.2617518901824951
0.27261900901794434
0.2859618663787842
0.29666709899902344
0.30724000930786133
0.31810975074768066
0.32916688919067383
0.3400719165802002
0.3506612777709961
0.36159205436706543
0.3721301555633545
0.38333606719970703
0.39508891105651855
0.4083089828491211
0.4218008518218994
0.43336987495422363
0.4445159435272217
0.45559191703796387
0.4672551155090332
0.4809439182281494
0.49581193923950195
0.510455846786499
0.5246689319610596
0.5399360656738281
0.5551478862762451
0.5702400207519531
0.5847821235656738
0.598081111907959
0.6126339435577393
0.6251518726348877
0.6400048732757568
0.6546041965484619
0.6668241024017334
0.6818058490753174
0.6941511631011963
0.7077219486236572
0.7232100963592529
0.7357680797576904
0.7482109069824219
0.7627418041229248
0.77760910987854
0.79032301902771
0.8054893016815186
0.8190922737121582
0.8341341018676758
0.8470361232757568
0.8620998859405518
0.8777267932891846
0.8906071186065674
0.9038410186767578
0.9189741611480713
0.9347958564758301
0.9459719657897949
0.9591798782348633
0.9723911285400391
0.9853067398071289
1.0000886917114258
1.0128512382507324
1.0277879238128662
1.042452096939087
1.0566751956939697
1.0684888362884521
1.0833358764648438
1.098783016204834
1.1116132736206055
1.1238229274749756
1.136085033416748
1.1508491039276123
1.1648659706115723
1.1778748035430908
1.1930806636810303
1.205759048461914
1.2209632396697998
1.2341599464416504
1.2464289665222168
1.261003017425537
1.2748608589172363
6.975861310958862
6.988425970077515
7.00131368637085
7.013590097427368
7.028386116027832
7.04318904876709
7.0588438510894775
7.073731184005737
7.085614204406738
7.096698999404907
7.110779047012329
7.125118970870972
7.138115167617798
7.1526594161987305
7.1665380001068115
7.182086944580078
7.194288969039917
7.208034992218018
7.220578193664551
7.235389947891235
7.249117136001587
7.264309883117676
7.2767980098724365
7.291433811187744
7.307084798812866
7.321590185165405
7.33388090133667
7.348902940750122
7.363234996795654
7.3783769607543945
7.390918970108032
7.406277894973755
7.421288967132568
7.43608283996582
7.448088884353638
7.462507963180542
7.474455118179321
7.489189863204956
7.501835107803345
7.515235185623169
7.529955148696899
7.544375896453857
7.559592008590698
7.574587106704712
7.587863922119141
7.6026270389556885
7.6171369552612305
7.630266904830933
7.643812656402588
7.657925844192505
7.671905994415283
7.685196876525879
7.700437068939209
7.7139341831207275
7.726460218429565
7.738601922988892
7.753759860992432
7.768158912658691
7.782748222351074
7.797538757324219
7.8101890087127686
7.823904752731323
7.837912082672119
7.8505699634552
7.865796089172363
7.878719091415405
7.891902208328247
7.904599905014038
7.918038845062256
7.932350158691406
7.946169137954712
7.961046934127808
7.975552082061768
7.989873886108398
8.004762172698975
8.019606113433838
8.0344820022583
8.047669887542725
8.06047511100769
8.073124170303345
8.084818124771118
8.098430871963501
8.111886739730835
8.126708030700684
8.141355991363525
8.154263734817505
8.169546127319336
8.184184074401855
8.199952125549316
8.212599039077759
8.227492094039917
8.240109205245972
8.252090692520142
8.265397071838379
8.280240774154663
8.29429316520691
8.307451009750366
8.319177865982056
8.331418991088867
8.344051122665405
8.357173442840576
8.371832847595215
8.387010097503662
8.399508953094482
8.41438102722168
8.429993867874146
8.44573974609375
8.458118200302124
8.472471714019775
8.48732614517212
8.50068712234497
8.514094829559326
8.528538227081299
8.542671918869019
8.5556800365448
8.570598125457764
8.585136890411377
8.599438190460205
8.61167311668396
8.627108097076416
8.639198780059814
8.651810884475708
8.666486740112305
8.680091142654419
8.695693969726562
8.709195852279663
8.721490144729614
8.734233856201172
8.749405860900879
8.7623610496521
8.776718139648438
8.791459083557129
8.804275035858154
8.818846940994263
8.832718849182129
8.845030069351196
8.860188961029053
8.875104904174805
8.891515731811523
8.903622150421143
8.915293216705322
8.92670726776123
8.937713861465454
8.949806690216064
8.96068286895752
8.973636865615845
8.987280130386353
8.999504089355469
9.011398792266846
9.026174068450928
9.040280103683472
9.051831245422363
9.065171957015991
9.078174114227295
9.090553045272827
9.102328062057495
9.11656904220581
9.130255222320557
9.143432855606079
9.155407905578613
9.170608043670654
9.185216903686523
9.197464942932129
9.209583282470703
9.224712133407593
9.239335060119629
9.254571914672852
9.266775846481323
9.27954912185669
9.294621229171753
9.309221029281616
9.323933124542236
9.338679075241089
9.352009057998657
9.367196321487427
9.382254123687744
9.396930932998657
9.409278392791748
9.423784971237183
9.438744068145752
9.454195976257324
9.468777894973755
9.484201908111572
9.498067140579224
9.512692928314209
9.527878999710083
9.542711019515991
9.557581901550293
9.570246934890747
9.58271312713623
9.59789490699768
9.610869884490967
9.625046014785767
9.63979983329773
9.65287184715271
9.66595721244812
9.678175926208496
9.690279960632324
9.702878952026367
9.715073108673096
9.730727910995483
9.745966911315918
9.757982015609741
9.77311897277832
9.78692078590393
9.801767826080322
9.815610885620117
9.829593896865845
9.84421706199646
9.858826160430908
9.872756958007812
9.885577201843262
9.898828029632568
9.912475109100342
9.924854040145874
9.939615964889526
9.954206943511963
9.968821048736572
9.983757019042969
9.996917009353638
10.010800123214722
10.025646924972534
10.039736032485962
10.052931070327759
10.0662100315094
10.081272840499878
10.096533060073853
10.108672857284546
10.12212085723877
10.137499809265137
10.151216983795166
10.16420030593872
10.179216146469116
10.191720008850098
10.205034017562866
10.217576026916504
10.232632160186768
10.246772050857544
10.260950088500977
10.27523398399353
10.289887189865112
10.30437421798706
10.31653094291687
10.331548929214478
10.346620798110962
10.361640930175781
10.377087116241455
10.392784118652344
10.40562391281128
10.420166015625
10.432754039764404
10.4475839138031
10.46141505241394
10.476252794265747
10.489380121231079
10.502755165100098
10.51807165145874
10.531311750411987
10.54591703414917
10.561152935028076
10.57535696029663
10.588608026504517
10.603296041488647
10.616225004196167
10.631983041763306
10.644262075424194
10.6600980758667
10.673326969146729
10.686933040618896
10.699653148651123
10.714577913284302
10.728247880935669
10.741805791854858
10.75671911239624
10.771574020385742
10.785317659378052
10.79985785484314
10.81398892402649
10.829193115234375
10.842672109603882
10.855915069580078
10.870235681533813
10.882454872131348
10.89747405052185
10.91170597076416
10.926515102386475
10.938492059707642
10.953341007232666
10.966602087020874
10.979514837265015
10.992772817611694
11.0051908493042
11.020269870758057
11.033419132232666
11.04599928855896
11.058570861816406
11.073169946670532
11.088174819946289
11.101179838180542
11.116278886795044
11.12990117073059
11.143954277038574
11.158090353012085
11.171071290969849
11.184926986694336
11.200031042098999
11.21211290359497
11.225902795791626
11.240687847137451
11.255773782730103
11.269995927810669
11.282834768295288
11.295979022979736
11.311209917068481
11.326287269592285
11.340338945388794
11.35506296157837
11.368627786636353
11.382252931594849
11.394294023513794
11.407689094543457
11.419968128204346
11.433609008789062
11.448417663574219
11.463212966918945
11.47592306137085
11.49118685722351
11.504685640335083
11.519299983978271
11.530752182006836
11.545970916748047
11.558677911758423
11.57165813446045
11.586793899536133
11.599348783493042
11.611679792404175
11.626622200012207
11.640621185302734
11.655831098556519
11.670614004135132
11.682998895645142
11.6966552734375
11.711832761764526
11.72404408454895
11.739176988601685
11.753263235092163
11.76816201210022
11.783365249633789
11.796150922775269
11.813987970352173
11.826552152633667
11.84230899810791
11.856673002243042
11.871380090713501
11.886638879776001
11.899610996246338
11.915321826934814
11.928189992904663
11.941689252853394
11.955645084381104
11.967613935470581
11.979919672012329
11.992654085159302
12.006993293762207
12.022331953048706
12.034677028656006
12.048770189285278
12.063445806503296
12.078170776367188
12.089723110198975
12.103826999664307
12.116711854934692
12.13248085975647
12.146260976791382
12.159008979797363
12.173565149307251
12.18696904182434
12.199810028076172
12.213846921920776
12.227468967437744
12.241436004638672
12.256251811981201
12.271167993545532
12.286031723022461
12.30102276802063
12.315218210220337
12.329693078994751
12.342931270599365
12.35525894165039
12.369992017745972
12.385345220565796
12.39966607093811
12.414813756942749
12.427052021026611
12.441308975219727
12.45453691482544
12.469676971435547
12.48482894897461
12.497625827789307
12.510914087295532
12.52547311782837
12.54104232788086
12.55417799949646
12.568570137023926
12.580686092376709
12.59378695487976
12.605551719665527
12.620414972305298
12.633532047271729
12.648355960845947
12.660115003585815
12.67549204826355
12.688639879226685
12.701130867004395
12.716295003890991
12.7308828830719
12.743607997894287
12.758309841156006
12.773351907730103
12.79168701171875
12.807431936264038
12.822446823120117
12.837037086486816
12.849417924880981
12.864200115203857
12.876687049865723
12.8888099193573
12.900328159332275
12.91395902633667
12.92628812789917
12.937147855758667
12.948033809661865
12.959017038345337
12.973756074905396
12.988408088684082
13.001332998275757
13.014944791793823
13.029792070388794
13.044641971588135
13.05964970588684
13.072744846343994
13.084912300109863
13.100744247436523
13.115478992462158
13.127708911895752
13.140244960784912
13.152177333831787
13.165051937103271
13.179989337921143
13.19357681274414
13.206424713134766
13.222258806228638
13.23560905456543
13.247880935668945
13.262192010879517
13.277649164199829
13.290427923202515
13.3038330078125
13.318686246871948
13.33200192451477
13.346976041793823
13.361988306045532
13.376960039138794
13.391560077667236
13.406620025634766
13.418721199035645
13.43383502960205
13.4495689868927
13.464482069015503
13.478854179382324
13.492563962936401
13.50626015663147
13.520579099655151
13.532784223556519
13.54768705368042
13.560952186584473
13.572818040847778
13.587697744369507
13.600847005844116
13.615097999572754
13.627038955688477
13.639605045318604
13.654605150222778
13.669889211654663
13.681854009628296
13.69694995880127
13.711074113845825
13.72429895401001
13.738860130310059
13.752691984176636
13.767392873764038
13.781799077987671
13.795984745025635
13.811187028884888
13.825438022613525
13.83780813217163
13.851546049118042
13.865314722061157
13.8767569065094
13.892468929290771
13.906098127365112
13.920591115951538
13.935717821121216
13.95020580291748
13.964551210403442
13.978541851043701
13.993569135665894
14.008277177810669
14.020846843719482
14.035812854766846
14.04866909980774
14.060800075531006
14.076144933700562
14.090540170669556
14.1056809425354
14.118853092193604
14.133749008178711
14.148935794830322
14.163822174072266
14.176218032836914
14.188349962234497
14.200538873672485
14.212646961212158
14.22833776473999
14.24232292175293
14.256252765655518
14.270584106445312
14.282628774642944
14.294486045837402
14.308521032333374
14.321260929107666
14.332503080368042
14.348285913467407
14.360989093780518
14.37395715713501
14.388211965560913
14.403077840805054
14.415601968765259
14.428154230117798
14.443908214569092
14.457144260406494
14.472434043884277
14.484663963317871
14.499465942382812
14.512097120285034
14.527072429656982
14.540833950042725
14.556411981582642
14.570640087127686
14.584095001220703
14.599390983581543
14.613042831420898
14.625629901885986
14.641353845596313
14.656390905380249
14.670516014099121
14.685840845108032
14.69838809967041
14.713631868362427
14.728767156600952
14.744613885879517
14.758629083633423
14.771209955215454
14.785298109054565
14.798855066299438
14.812178134918213
14.826808214187622
14.839824914932251
14.854384183883667
14.868571043014526
14.882683992385864
14.895632982254028
14.910784006118774
14.92438292503357
14.937321901321411
14.948721170425415
14.963405847549438
14.97753381729126
14.992420196533203
15.007611274719238
15.019392967224121
15.034389019012451
15.049688816070557
15.062018871307373
15.077508687973022
15.091419219970703
15.10352110862732
15.11868691444397
15.134483098983765
15.149722814559937
15.164963006973267
15.17987585067749
15.195271968841553
15.207149744033813
15.2223379611969
15.234702110290527
15.249074220657349
15.26394009590149
15.278411149978638
15.290802001953125
15.306079864501953
15.32099986076355
15.335875272750854
15.350261926651001
15.363895893096924
15.378150939941406
15.392739057540894
15.407141923904419
15.420943260192871
15.43533205986023
15.450510025024414
15.465619325637817
15.478973865509033
15.494011163711548
15.507518291473389
15.521599292755127
15.53446888923645
15.549699783325195
15.565579891204834
15.580528736114502
15.593069076538086
15.607682943344116
15.62096095085144
15.636079788208008
15.650803089141846
15.663823127746582
15.678153038024902
15.69280219078064
15.705673933029175
15.720585823059082
15.735821723937988
15.750658750534058
15.763629674911499
15.77813982963562
15.792264938354492
15.807703018188477
15.820088863372803
15.834616661071777
15.847042798995972
15.858779191970825
15.871424913406372
15.886596202850342
15.898043870925903
15.911285877227783
15.92441701889038
15.937204837799072
15.952089071273804
15.96590518951416
15.980618953704834
15.995270252227783
16.009353160858154
16.02228283882141
16.036641597747803
16.050693035125732
16.065531969070435
16.07967495918274
16.091580152511597
16.1040358543396
16.118021726608276
16.129435300827026
16.140916109085083
16.15426802635193
16.16859006881714
16.181607007980347
16.193192958831787
16.206670999526978
16.220914125442505
16.233484983444214
16.247691869735718
16.26062822341919
16.27268934249878
16.285586833953857
16.29744577407837
16.30838131904602
16.321134090423584
16.336756944656372
16.349294900894165
16.365106105804443
16.379017114639282
16.391160011291504
16.40369939804077
16.417975902557373
16.430957794189453
16.443000078201294
16.457399129867554
16.472177028656006
16.487223863601685
16.499492168426514
16.512364864349365
16.527524948120117
16.542229890823364
16.555418968200684
16.57020330429077
16.58538317680359
16.598006010055542
16.61326837539673
16.625834941864014
16.63866901397705
16.65313410758972
16.6684889793396
16.68020510673523
16.69574236869812
16.711091995239258
16.72623300552368
16.74071502685547
16.754030227661133
16.768964052200317
16.7832989692688
16.798689126968384
16.813045978546143
16.82534623146057
16.837507963180542
16.85202407836914
16.866003036499023
16.87822699546814
16.892991065979004
16.90758180618286
16.92267608642578
16.938158988952637
16.953116178512573
16.96528124809265
16.97826600074768
16.991191148757935
17.006071090698242
17.020748138427734
17.03549098968506
17.050289154052734
17.062878131866455
17.07758593559265
17.090101957321167
17.10519814491272
17.118950843811035
17.133960247039795
17.148590803146362
17.161086082458496
17.175890922546387
17.19053888320923
17.206310033798218
17.218594074249268
17.23366689682007
17.247959852218628
17.259989023208618
17.275285959243774
17.287822246551514
17.30060625076294
17.315497159957886
17.329640865325928
17.34400987625122
17.358563899993896
17.3713698387146
17.383947134017944
17.399940729141235
17.412659168243408
17.42558789253235
17.440230131149292
17.455503225326538
17.470717191696167
17.484582901000977
17.49775004386902
17.511838912963867
17.527235984802246
17.540308952331543
17.55374503135681
17.568422079086304
17.582553148269653
17.597899913787842
17.613176107406616
17.628445148468018
17.64349675178528
17.65561008453369
17.672640562057495
17.686573028564453
17.701267957687378
17.716644048690796
17.730907917022705
17.745927333831787
17.75908398628235
17.773988008499146
17.786386966705322
17.800936222076416
17.813239097595215
17.827876806259155
17.8422429561615
17.854469060897827
17.869771003723145
17.883267879486084
17.896493911743164
17.912376165390015
17.925349950790405
17.940250873565674
17.95372986793518
17.966267824172974
17.978073120117188
17.990513801574707
18.004594802856445
18.018599033355713
18.030160188674927
18.04512095451355
18.05864191055298
18.073631048202515
18.085719108581543
18.099128246307373
18.11176824569702
18.12598705291748
18.140055894851685
18.15319585800171
18.16812014579773
18.181670904159546
18.194693088531494
18.210564851760864
18.223371744155884
18.235799074172974
18.24854302406311
18.263131141662598
18.276691198349
18.29133701324463
18.306196928024292
18.318753957748413
18.33082604408264
18.345552921295166
18.36008095741272
18.37230086326599
18.386829137802124
18.40177011489868
18.415939807891846
18.430583000183105
18.44272208213806
18.457565784454346
18.472934007644653
18.487243175506592
18.49953818321228
18.512228965759277
18.52632975578308
18.539149045944214
18.554314136505127
18.567913055419922
18.58277988433838
18.595303058624268
18.606729984283447
18.617873191833496
18.63026714324951
18.64278507232666
18.656481981277466
18.669847011566162
18.685133934020996
18.698272943496704
18.71335768699646
18.72814106941223
18.741906881332397
18.753933906555176
18.76595401763916
18.779408931732178
18.79196071624756
18.803761959075928
18.815898180007935
18.82729172706604
18.83859610557556
18.849812984466553
18.86513090133667
18.87957000732422
18.89450693130493
18.90848684310913
18.920928955078125
18.933796882629395
18.94841480255127
18.96296787261963
18.977635145187378
18.991433143615723
19.004547119140625
19.0193829536438
19.032462120056152
19.045988082885742
19.061839818954468
19.076282024383545
19.091212034225464
19.106105089187622
19.119707345962524
19.1324679851532
19.148157835006714
19.163443088531494
19.175692796707153
19.190606832504272
19.205594062805176
19.219438791275024
19.232713222503662
19.24825119972229
19.26103401184082
19.274833917617798
19.289724826812744
19.305299997329712
19.321028232574463
19.335853815078735
19.350224256515503
19.36549687385559
19.379036903381348
19.391454935073853
19.406105041503906
19.420420169830322
19.43532109260559
19.4507577419281
