0.0010478496551513672
0.015472173690795898
0.026188135147094727
0.03737306594848633
0.048812150955200195
0.059831857681274414
0.07053279876708984
0.08134603500366211
0.09233903884887695
0.10291290283203125
0.11367297172546387
0.12512779235839844
0.13604116439819336
0.14683318138122559
0.15764904022216797
0.1711111068725586
0.18187212944030762
0.19246506690979004
0.20319724082946777
0.21402597427368164
0.22507500648498535
0.23571395874023438
0.24664807319641113
0.2579338550567627
0.2688288688659668
0.2804441452026367
0.29157423973083496
0.3052480220794678
0.31702399253845215
0.3283247947692871
0.33936524391174316
0.351043701171875
0.36397290229797363
0.37534189224243164
0.3867990970611572
0.3981668949127197
0.4088592529296875
0.4196891784667969
0.43188023567199707
0.44437575340270996
0.4571812152862549
0.4693310260772705
0.48279881477355957
0.4945971965789795
0.5080790519714355
0.5217370986938477
0.5343523025512695
0.5463941097259521
0.55861496925354
0.5718667507171631
0.5858497619628906
0.5978858470916748
0.6096220016479492
0.6212570667266846
0.6332261562347412
0.6450598239898682
0.6574950218200684
0.6704509258270264
0.6845200061798096
0.6963341236114502
0.7099568843841553
0.7230479717254639
0.7350819110870361
0.7485377788543701
0.760983943939209
0.7725138664245605
0.7854001522064209
0.797548770904541
0.8092610836029053
0.8205831050872803
0.833493709564209
0.8464140892028809
0.8579120635986328
0.8695278167724609
0.8831949234008789
0.8956999778747559
0.9090607166290283
0.9226009845733643
0.9362170696258545
0.9488191604614258
0.9627771377563477
0.9740281105041504
0.9866490364074707
0.9996218681335449
1.0109710693359375
1.0234692096710205
1.0358598232269287
1.0492660999298096
1.0602900981903076
1.0737841129302979
1.0848581790924072
1.0982530117034912
1.111989974975586
1.1243629455566406
1.1365129947662354
1.148374080657959
1.1621670722961426
1.173689842224121
1.1859161853790283
1.1998422145843506
1.2116739749908447
1.2235722541809082
1.2371697425842285
1.2510411739349365
1.2637848854064941
1.2750351428985596
1.286391019821167
1.3007049560546875
1.313511848449707
1.325646162033081
1.337568998336792
1.3492002487182617
1.3629813194274902
1.3767740726470947
1.389415979385376
1.4009490013122559
1.4123518466949463
1.4261486530303955
1.437582015991211
1.4494500160217285
1.4623548984527588
1.4761149883270264
1.4881563186645508
1.4991707801818848
1.5123460292816162
1.5270769596099854
1.5390160083770752
1.5510458946228027
1.5626270771026611
1.57600998878479
1.5909230709075928
1.6036858558654785
1.6170628070831299
1.6319708824157715
1.644300937652588
1.657317876815796
1.6701037883758545
1.6827049255371094
1.694385051727295
1.7070820331573486
1.7213051319122314
1.7353217601776123
1.7478172779083252
1.7592902183532715
1.7712671756744385
1.7847599983215332
1.7958898544311523
1.8101558685302734
1.8219358921051025
1.8357839584350586
1.8474338054656982
1.8591721057891846
1.8704910278320312
1.8835728168487549
1.898263692855835
1.9096310138702393
1.923224925994873
1.9387121200561523
1.9532368183135986
1.9650530815124512
1.9796481132507324
1.991764783859253
2.004530906677246
2.0184261798858643
2.0305988788604736
2.0429940223693848
2.057753801345825
2.0701241493225098
2.0848820209503174
2.099891185760498
2.111485004425049
2.1257779598236084
2.1397199630737305
2.1534061431884766
2.16570782661438
2.1787548065185547
2.1915369033813477
2.2034690380096436
2.2152509689331055
2.226586103439331
2.239372968673706
2.2511017322540283
2.2629289627075195
2.2746989727020264
2.2877390384674072
2.2994959354400635
2.312160015106201
2.327626943588257
2.339933156967163
2.353088140487671
2.3665239810943604
2.3803679943084717
2.394503116607666
2.4099111557006836
2.423022985458374
2.4368503093719482
2.4485700130462646
2.460653066635132
2.4747631549835205
2.487006902694702
2.501063823699951
2.515620708465576
2.5291388034820557
2.541576862335205
2.5545578002929688
2.5663540363311768
2.580476760864258
2.5951130390167236
2.6078619956970215
2.619356155395508
2.6321589946746826
2.6441709995269775
2.6587820053100586
2.671552896499634
2.683224678039551
2.696765899658203
2.7095558643341064
2.7239601612091064
2.7380380630493164
2.7502689361572266
2.762213945388794
2.7752580642700195
2.7885382175445557
2.802044153213501
2.8157150745391846
2.8271329402923584
2.8395183086395264
2.85188889503479
2.8636579513549805
2.8797669410705566
2.8931448459625244
2.908245086669922
2.92102313041687
2.932403326034546
2.9467790126800537
2.961585760116577
2.9740447998046875
2.989191770553589
3.002452850341797
3.0138649940490723
3.02593994140625
3.0380799770355225
3.0507240295410156
3.0657031536102295
3.0779500007629395
3.091657876968384
3.1032509803771973
3.1149768829345703
3.1274402141571045
3.139137029647827
3.150630235671997
3.1625607013702393
3.1765711307525635
3.1881463527679443
3.2000558376312256
3.2114639282226562
3.223109006881714
3.2347776889801025
3.247534990310669
3.2600550651550293
3.2724990844726562
3.2863428592681885
3.2986867427825928
3.310011148452759
3.322385787963867
3.3374037742614746
3.3532490730285645
3.3655810356140137
3.3769209384918213
3.389035701751709
3.4010791778564453
3.412750005722046
3.423967123031616
3.435765027999878
3.449187994003296
3.463437080383301
3.4753730297088623
3.4868171215057373
3.498823881149292
3.510315179824829
3.5226099491119385
3.5365991592407227
3.5481278896331787
3.562191963195801
3.576397180557251
3.588810920715332
3.601217031478882
3.61590313911438
3.6275110244750977
3.641605854034424
3.6569950580596924
3.6708309650421143
3.6836280822753906
3.696229934692383
3.707429885864258
3.7204058170318604
3.7329330444335938
3.7441701889038086
3.755981683731079
3.7675259113311768
3.7793068885803223
3.7905631065368652
3.802070140838623
3.813538074493408
3.8259689807891846
3.8384649753570557
3.853208065032959
3.866692066192627
3.8784549236297607
3.892152786254883
3.9038960933685303
3.917092800140381
3.929025173187256
3.940432071685791
3.953968048095703
3.965174674987793
3.9790658950805664
3.9903781414031982
4.002806186676025
4.0161638259887695
4.028511047363281
4.040536165237427
4.053436040878296
4.065703868865967
4.077923774719238
4.089324235916138
4.1006269454956055
4.112008810043335
4.125275135040283
4.137408018112183
4.1488282680511475
4.160593748092651
4.174775123596191
4.186649799346924
4.198046922683716
4.209693908691406
4.223476886749268
4.235077857971191
4.2470009326934814
4.26190710067749
4.273927927017212
4.285279035568237
4.2987060546875
4.312396049499512
4.32420802116394
4.335637092590332
4.347413063049316
4.35912561416626
4.371633768081665
4.385719060897827
4.397130966186523
4.408199787139893
4.4201672077178955
4.431711912155151
4.443931818008423
4.457073926925659
4.468458890914917
4.481642007827759
4.49354100227356
4.507090091705322
4.5220417976379395
4.533164024353027
4.544505834579468
4.5555548667907715
4.566587924957275
4.579346179962158
4.590430974960327
4.604627847671509
4.615915060043335
4.629252910614014
4.640742063522339
4.6542887687683105
4.666903018951416
4.681359052658081
4.69477391242981
4.709585905075073
4.721293210983276
4.735929727554321
4.748154163360596
4.7607808113098145
4.774137020111084
4.785923004150391
4.800232887268066
4.814563989639282
4.828951120376587
4.840790748596191
4.855376958847046
4.86828088760376
4.881505012512207
4.895614147186279
4.907811880111694
4.919548749923706
4.932392835617065
4.944654703140259
4.9576191902160645
4.96884298324585
4.983053207397461
4.995512962341309
5.01039719581604
5.025231122970581
5.040042877197266
5.052783966064453
5.066288232803345
5.078150749206543
5.092986822128296
5.1055169105529785
5.1178600788116455
5.13005518913269
5.144662141799927
5.157886981964111
5.170416831970215
5.1828508377075195
5.197727918624878
5.209120035171509
5.222558975219727
5.235733985900879
5.250792026519775
5.264258861541748
5.276847839355469
5.29119610786438
5.3038599491119385
5.316805839538574
5.328672885894775
5.340803861618042
5.352810859680176
5.366490840911865
5.3784589767456055
5.391755104064941
5.403215169906616
5.414666652679443
5.428160190582275
5.440353631973267
5.452174663543701
5.465173006057739
5.477388858795166
5.489042043685913
5.500443935394287
5.512256145477295
5.525249004364014
5.537843227386475
5.549414873123169
5.561732769012451
5.575661659240723
5.588038206100464
5.6002020835876465
5.612633943557739
5.627668857574463
5.642266750335693
5.654378890991211
5.667427062988281
5.680471181869507
5.692579984664917
5.704423904418945
5.716449022293091
5.730507135391235
5.7443671226501465
5.757596731185913
5.769944190979004
5.781673908233643
5.795299053192139
5.807727098464966
5.821699857711792
5.835943937301636
5.848350763320923
5.862511157989502
5.875825881958008
5.890700101852417
5.904609203338623
5.918096303939819
5.93159294128418
5.942951917648315
5.955384016036987
5.969857931137085
5.984456777572632
5.996767997741699
6.008209943771362
6.01990008354187
6.034047842025757
6.045751094818115
6.058681011199951
6.072801113128662
6.08489990234375
6.098021745681763
6.109496116638184
6.123203754425049
6.134686231613159
6.147575855255127
6.159518003463745
6.171714782714844
6.184981107711792
6.1968629360198975
6.211268901824951
6.222730875015259
6.23616099357605
6.249098062515259
6.261822938919067
6.2757568359375
6.289462089538574
6.301799058914185
6.315511226654053
6.3302459716796875
6.341763973236084
6.354446172714233
6.368732929229736
6.3801000118255615
6.391984939575195
6.404635906219482
6.415858745574951
6.4279091358184814
6.439368009567261
6.451288223266602
6.465368986129761
6.479936122894287
6.493377685546875
6.505460977554321
6.517499923706055
6.529725790023804
6.541703939437866
6.5564680099487305
6.569591045379639
6.5843939781188965
6.596467971801758
6.610901117324829
6.623938083648682
6.638171911239624
6.650547981262207
6.66445779800415
6.677451848983765
6.691181898117065
6.703749895095825
6.71638298034668
6.729720115661621
6.741862058639526
6.756211996078491
6.770895004272461
6.784437417984009
6.7983198165893555
6.813176155090332
6.828197002410889
6.843492746353149
6.855018138885498
6.869924068450928
6.882496118545532
6.8947248458862305
6.908248662948608
6.919935941696167
6.934106111526489
6.9484100341796875
6.96193265914917
6.9754722118377686
6.987218856811523
6.999392032623291
7.012994050979614
7.0265491008758545
7.038114070892334
7.050862789154053
7.063357830047607
7.076354026794434
7.087878942489624
7.100766897201538
7.113158941268921
7.1263978481292725
7.140944957733154
7.1539530754089355
7.167734146118164
7.181654214859009
7.196422100067139
7.210421800613403
7.222223997116089
7.2338597774505615
7.246394872665405
7.258416175842285
7.271122932434082
7.284596920013428
7.298362970352173
7.311021089553833
7.3231542110443115
7.33544921875
7.347890377044678
7.359858989715576
7.3716278076171875
7.384439706802368
7.398643970489502
7.410030841827393
7.421680927276611
7.434237957000732
7.44752311706543
7.46204400062561
7.4763898849487305
7.488513946533203
7.502310037612915
7.515631198883057
7.527712106704712
7.540839195251465
7.552670001983643
7.5670411586761475
7.582028865814209
7.597506046295166
7.612120866775513
7.624301195144653
7.637181758880615
7.651684045791626
7.663718223571777
7.679278135299683
7.693052053451538
7.705517053604126
7.720212936401367
7.733350038528442
7.745783090591431
7.760737657546997
7.775537967681885
7.7903149127960205
7.804865121841431
7.816870212554932
7.8281872272491455
7.840216159820557
7.854573011398315
7.866684913635254
7.8788909912109375
7.892230749130249
7.903801918029785
7.918720006942749
7.933452844619751
7.948578596115112
7.960076808929443
7.974536180496216
7.988683223724365
8.001446962356567
8.013779163360596
8.026947021484375
8.038944005966187
8.05203890800476
8.063621759414673
8.077960014343262
8.09107518196106
8.103872060775757
8.11873197555542
8.133146047592163
8.145395040512085
8.158266067504883
8.17155385017395
8.184650897979736
8.196329355239868
8.209012031555176
8.223419189453125
8.237208843231201
8.249143123626709
8.262006044387817
8.274390697479248
8.28927206993103
8.301273107528687
8.313748121261597
8.328325748443604
8.340365171432495
8.353263139724731
8.366119146347046
8.379167795181274
8.391235113143921
8.403343200683594
8.416921854019165
8.43184781074524
8.445946216583252
8.458903074264526
8.471691846847534
8.483727931976318
8.496508121490479
8.509629964828491
8.521008014678955
8.532546997070312
8.544181108474731
8.556236028671265
8.567906141281128
8.579254150390625
8.591394186019897
8.604842185974121
8.616286277770996
8.628612995147705
8.639928102493286
8.653018951416016
8.664653062820435
8.678486824035645
8.690361261367798
8.701796054840088
8.7137930393219
8.725286722183228
8.736976861953735
8.75069284439087
8.76392126083374
8.77730107307434
8.78873085975647
8.800913095474243
8.814719915390015
8.8262939453125
8.837708711624146
8.849045038223267
8.860689163208008
8.872440099716187
8.883583068847656
8.895946025848389
8.90708303451538
8.917779922485352
8.932124137878418
8.94374704360962
8.955026865005493
8.966017961502075
8.977237939834595
8.990948915481567
9.003676891326904
9.01547122001648
9.027179956436157
9.039399862289429
9.053031921386719
9.064249038696289
9.075608968734741
9.089093923568726
9.103811025619507
9.117218732833862
9.129654884338379
9.144653797149658
9.156783103942871
9.16990613937378
9.184733867645264
9.197383880615234
9.209869146347046
9.222620964050293
9.235249280929565
9.24872612953186
9.260772228240967
9.27421498298645
9.286170244216919
9.298250198364258
9.310687065124512
9.322915077209473
9.333950996398926
9.34620189666748
9.358311176300049
9.369667053222656
9.38086986541748
9.394134998321533
9.40555214881897
9.41936993598938
9.431593894958496
9.443561315536499
9.455765962600708
9.469640970230103
9.481027126312256
9.49255084991455
9.505789279937744
9.519185304641724
9.532486915588379
9.54671311378479
9.558274030685425
9.570301294326782
9.582980871200562
9.596670150756836
9.60846209526062
9.621170282363892
9.63418197631836
9.645281076431274
9.65678596496582
9.668491840362549
9.680252075195312
9.69227385520935
9.705620050430298
9.7174232006073
9.729032039642334
9.740557193756104
9.752293825149536
9.763911962509155
9.776912212371826
9.788325786590576
9.801183938980103
9.812639951705933
9.824244022369385
9.837365865707397
9.848942041397095
9.860889911651611
9.872529029846191
9.883721113204956
9.895217895507812
9.90845799446106
9.921424865722656
9.932817935943604
9.944190979003906
9.957685947418213
9.969405889511108
9.980494737625122
9.991705894470215
10.004603147506714
10.01740288734436
10.02870798110962
10.039978981018066
10.051816940307617
10.063035726547241
10.07547116279602
10.08667802810669
10.100641012191772
10.11325192451477
10.124737024307251
10.13625192642212
10.147720098495483
10.161245107650757
10.173684358596802
10.185126781463623
10.197021245956421
10.208657026290894
10.222177982330322
10.23428988456726
10.246325969696045
10.258322954177856
10.271361112594604
10.283705711364746
10.294814109802246
10.305707931518555
10.316794872283936
10.328092098236084
10.34039568901062
10.354278802871704
10.366351842880249
10.37847089767456
10.389554977416992
10.403203248977661
10.41456389427185
10.425941944122314
10.437841892242432
10.450196981430054
10.463719129562378
10.476964235305786
10.488203048706055
10.501435041427612
10.51452922821045
10.52798581123352
10.539806127548218
10.551236152648926
10.562555313110352
10.576292037963867
10.588531017303467
10.60002589225769
10.611693143844604
10.624222993850708
10.637396097183228
10.648920059204102
10.663517236709595
10.67736530303955
10.690181970596313
10.704737901687622
10.719689130783081
10.731065034866333
10.744266986846924
10.75817584991455
10.769589900970459
10.784219026565552
10.800018787384033
10.811430931091309
10.823592185974121
10.835467100143433
10.849384069442749
10.861501932144165
10.872918128967285
10.885397911071777
10.897888898849487
10.909123182296753
10.920974016189575
10.93265986442566
10.944020986557007
10.955108165740967
10.966625213623047
10.979099988937378
10.99209713935852
11.003762245178223
11.015691995620728
11.027853012084961
11.040172100067139
11.054116010665894
11.065364837646484
11.077556371688843
11.088840961456299
11.102570056915283
11.115076780319214
11.126450061798096
11.139918804168701
11.151740074157715
11.162995100021362
11.17587423324585
11.188822984695435
11.200590133666992
11.21201205253601
11.22421908378601
11.236473083496094
11.24770212173462
11.260390043258667
11.272011995315552
11.285160064697266
11.296535015106201
11.308774948120117
11.32054090499878
11.333815813064575
11.347890853881836
11.359973907470703
11.372803926467896
11.386914253234863
11.398543119430542
11.413047075271606
11.427079916000366
11.43901801109314
11.453719139099121
11.467673063278198
11.479195833206177
11.492540836334229
11.506237030029297
11.519760131835938
11.53489089012146
11.547960042953491
11.560513973236084
11.574221134185791
11.585740089416504
11.598467826843262
11.610211849212646
11.62181282043457
11.635202169418335
11.64649224281311
11.658552169799805
11.671221017837524
11.682372808456421
11.695411920547485
11.706496000289917
11.719504356384277
11.73266077041626
11.744611263275146
11.755746126174927
11.767823934555054
11.778772830963135
11.789712905883789
11.801784038543701
11.814112901687622
11.825051069259644
11.83603572845459
11.849004983901978
11.859818935394287
11.871753215789795
11.88341498374939
11.897826671600342
11.912775993347168
11.926818132400513
11.938861846923828
11.950450897216797
11.962565898895264
11.976191997528076
11.990916967391968
12.002115726470947
12.013712882995605
12.02660608291626
12.039752006530762
12.05535101890564
12.067115068435669
12.080818176269531
12.092483758926392
12.106739044189453
12.119891881942749
12.13464903831482
12.146336078643799
12.157741069793701
12.171206712722778
12.186048984527588
12.19914436340332
12.210364818572998
12.221987009048462
12.235543012619019
12.24872612953186
12.262537002563477
12.27536392211914
12.287036895751953
12.298602819442749
12.310068845748901
12.322573900222778
12.333919286727905
12.345823049545288
12.357331275939941
12.36943006515503
12.380751848220825
12.392202377319336
12.405246019363403
12.416378021240234
12.427837133407593
12.440762281417847
12.452064037322998
12.463907241821289
12.47515082359314
12.48705792427063
12.499561071395874
12.51159119606018
12.52454924583435
12.537286758422852
12.549296855926514
12.562140941619873
12.575431108474731
12.588320016860962
12.599988222122192
12.614284038543701
12.628551244735718
