0.0010752677917480469
0.01293325424194336
0.02420186996459961
0.03668022155761719
0.04775214195251465
0.0586550235748291
0.07181906700134277
0.08265495300292969
0.09329009056091309
0.1038510799407959
0.11536908149719238
0.125946044921875
0.13680195808410645
0.14751982688903809
0.1606426239013672
0.17139291763305664
0.18442606925964355
0.1968390941619873
0.2088298797607422
0.21941113471984863
0.23063302040100098
0.24179720878601074
0.2527318000793457
0.2628490924835205
0.27590203285217285
0.28651905059814453
0.29729199409484863
0.30794405937194824
0.3186948299407959
0.3293578624725342
0.34006190299987793
0.35321497917175293
0.36374592781066895
0.3745138645172119
0.3852682113647461
0.3959779739379883
0.40660619735717773
0.41875195503234863
0.43140411376953125
0.44525599479675293
0.46030378341674805
0.4730660915374756
0.4882650375366211
0.5005359649658203
0.5130419731140137
0.5249829292297363
0.5407781600952148
0.5525670051574707
0.5677490234375
0.580657958984375
0.5956180095672607
0.6106350421905518
0.6241800785064697
0.6390140056610107
0.6520781517028809
0.6653399467468262
0.6801869869232178
0.6943910121917725
0.707791805267334
0.7214558124542236
0.7364590167999268
0.7488729953765869
0.763786792755127
0.7787692546844482
0.7917618751525879
0.8047831058502197
0.819054126739502
0.8336827754974365
0.8485808372497559
0.8636569976806641
0.8766458034515381
0.8915598392486572
0.9035308361053467
0.917309045791626
0.931359052658081
0.945054292678833
0.9583768844604492
0.9716808795928955
0.9849381446838379
0.9968597888946533
1.0118849277496338
1.0268819332122803
1.0419628620147705
1.054880142211914
1.0699131488800049
1.0812280178070068
1.0957210063934326
1.1084470748901367
1.12129807472229
1.1345200538635254
1.1465373039245605
1.1611320972442627
1.1749229431152344
1.1900568008422852
1.2035388946533203
1.2185351848602295
1.2317440509796143
1.2467577457427979
1.2616488933563232
1.2762019634246826
6.978767156600952
6.991234064102173
7.002384901046753
7.016283988952637
7.0312440395355225
7.04617977142334
7.061139106750488
7.073970079421997
7.088889122009277
7.102502107620239
7.116069078445435
7.128318786621094
7.143350839614868
7.158096075057983
7.170412063598633
7.182497024536133
7.19678807258606
7.209442615509033
7.224061012268066
7.2392189502716064
7.251650810241699
7.264815092086792
7.2796549797058105
7.2943971157073975
7.309316158294678
7.323354005813599
7.336565971374512
7.350920915603638
7.365008115768433
7.3777830600738525
7.392554044723511
7.4075682163238525
7.419757127761841
7.434736967086792
7.449648857116699
7.461992979049683
7.475040912628174
7.489722728729248
7.502928972244263
7.517853021621704
7.532148838043213
7.545946836471558
7.56097412109375
7.575954914093018
7.59086799621582
7.604656219482422
7.618957996368408
7.63404393196106
7.646438121795654
7.659776926040649
7.674430847167969
7.688477039337158
7.701828241348267
7.716795206069946
7.730591058731079
7.746161937713623
7.761144161224365
7.773867130279541
7.788866996765137
7.801673173904419
7.813993215560913
7.829013109207153
7.843555212020874
7.856836318969727
7.871801853179932
7.886845827102661
7.899729251861572
7.915933132171631
7.929504871368408
7.942092180252075
7.957160234451294
7.972215175628662
7.984210014343262
7.996789932250977
8.011770963668823
8.025582075119019
8.040555715560913
8.054521083831787
8.066827058792114
8.08184814453125
8.093862771987915
8.10854172706604
8.120306968688965
8.13415002822876
8.149212837219238
8.162369012832642
8.17598819732666
8.190217018127441
8.204354047775269
8.219310998916626
8.231742143630981
8.24600100517273
8.261045932769775
8.273473024368286
8.288352966308594
8.301443099975586
8.316370725631714
8.33025312423706
8.345333099365234
8.360430002212524
8.375391960144043
8.388276100158691
8.403294324874878
8.418336629867554
8.433072090148926
8.445931911468506
8.459367990493774
8.472322940826416
8.48784589767456
8.502848148345947
8.51785397529602
8.532831192016602
8.544692277908325
8.559538841247559
8.57444715499878
8.588849067687988
8.601818323135376
8.615614891052246
8.62819766998291
8.643174171447754
8.658106088638306
8.6732017993927
8.686071872711182
8.699771165847778
8.71424412727356
8.728379964828491
8.743434190750122
8.758452892303467
8.773523807525635
8.786801099777222
8.799983263015747
8.814904689788818
8.829941987991333
8.842731952667236
8.856867790222168
8.872002124786377
8.886615991592407
8.89888596534729
8.913908958435059
8.926865100860596
8.942001104354858
8.95600175857544
8.969100952148438
8.981853008270264
8.995458126068115
9.010597229003906
9.025635957717896
9.04054307937622
9.053287029266357
9.067178964614868
9.07886528968811
9.091411113739014
9.10446810722351
9.117103099822998
9.13151478767395
9.145815134048462
9.158838987350464
9.170483827590942
9.182327032089233
9.194282054901123
9.208264112472534
9.223328113555908
9.238543272018433
9.251543045043945
9.266522884368896
9.281635046005249
9.29662299156189
9.310263633728027
9.32502007484436
9.340177774429321
9.355187892913818
9.367852210998535
9.382910251617432
9.397847890853882
9.411538362503052
9.424474000930786
9.439135074615479
9.453662872314453
9.468672752380371
9.48143196105957
9.49647307395935
9.510995864868164
9.52353310585022
9.536450147628784
9.550711870193481
9.564312219619751
9.576450109481812
9.588807821273804
9.603508949279785
9.617825746536255
9.630157709121704
9.643746137619019
9.65812087059021
9.67314600944519
9.685794115066528
9.700796127319336
9.714054822921753
9.729048013687134
9.74193286895752
9.7568941116333
9.770303010940552
9.785067081451416
9.798919200897217
9.81313705444336
9.827821969985962
9.840401887893677
9.852492094039917
9.869785785675049
9.880982160568237
9.894526958465576
9.907978773117065
9.922163009643555
9.933482885360718
9.94559907913208
9.959080934524536
9.971256017684937
9.986296653747559
10.000766038894653
10.01581883430481
10.029088973999023
10.042778730392456
10.054816007614136
10.068759679794312
10.081659078598022
10.096544981002808
10.110641956329346
10.123754978179932
10.138388872146606
10.15199589729309
10.165727853775024
10.180229902267456
10.195099830627441
10.210124969482422
10.223451852798462
10.238450050354004
10.253457069396973
10.268534898757935
10.283541917800903
10.296917915344238
10.311172723770142
10.325671911239624
10.340605735778809
10.353925228118896
10.368891954421997
10.382288217544556
10.397333860397339
10.410963773727417
10.423768758773804
10.435992240905762
10.44771409034729
10.460265874862671
10.47489309310913
10.490432977676392
10.503623247146606
10.516892910003662
10.52974796295166
10.543282985687256
10.558007955551147
10.572438955307007
10.585638046264648
10.5987548828125
10.610967874526978
10.625910997390747
10.640027284622192
10.653012037277222
10.667733192443848
10.681003093719482
10.695088148117065
10.709337949752808
10.724294900894165
10.7377290725708
10.752281188964844
10.767793893814087
10.782752990722656
10.797723054885864
10.81184196472168
10.826843976974487
10.84102487564087
10.853190183639526
10.86811637878418
10.883026838302612
10.896312952041626
10.911107063293457
10.926123142242432
10.938791751861572
10.953179836273193
10.968265295028687
10.983284950256348
10.998369216918945
11.011117935180664
11.024667024612427
11.037239789962769
11.04879879951477
11.06213903427124
11.076652765274048
11.088870763778687
11.10327410697937
11.117736101150513
11.13049578666687
11.145901918411255
11.160906076431274
11.175974130630493
11.18946099281311
11.20237112045288
11.215198040008545
11.23021411895752
11.245184898376465
11.260164022445679
11.273766040802002
11.288911819458008
11.303915977478027
11.318440914154053
11.330744743347168
11.34564995765686
11.360662937164307
11.375568151473999
11.38770604133606
11.402631998062134
11.416421890258789
11.429489135742188
11.443534135818481
11.454604148864746
11.467034816741943
11.480265140533447
11.492697954177856
11.507683992385864
11.522655963897705
11.537568807601929
11.549695014953613
11.563587188720703
11.578421831130981
11.5934419631958
11.608200073242188
11.620898246765137
11.635177850723267
11.648710250854492
11.663778066635132
11.678247928619385
11.693197965621948
11.70828104019165
11.721004962921143
11.733943700790405
11.748821020126343
11.763765811920166
11.778105974197388
11.793043851852417
11.805853128433228
11.820249080657959
11.834944009780884
11.847342014312744
11.862224817276001
11.875913858413696
11.891005992889404
11.904435873031616
11.916247844696045
11.930701971054077
11.94562292098999
11.958818197250366
11.973384857177734
11.988429069519043
12.001791954040527
12.013556957244873
12.028627872467041
12.043683052062988
12.058710098266602
12.07093596458435
12.084326267242432
12.097739934921265
12.112520933151245
12.12636399269104
12.140718698501587
12.155970096588135
12.168503046035767
12.18325686454773
12.198459148406982
12.211036205291748
12.225961923599243
12.241096019744873
12.253506898880005
12.26846694946289
12.283402919769287
12.298413038253784
12.312330961227417
12.326085090637207
12.341017007827759
12.355969905853271
12.368751287460327
12.381016254425049
12.395679950714111
12.41065788269043
12.425594091415405
12.440666913986206
12.453326940536499
12.468219995498657
12.483177900314331
12.496456861495972
12.511335849761963
12.526306867599487
12.541035890579224
12.55349612236023
12.568438053131104
12.581384897232056
12.596130847930908
12.611214876174927
12.625617980957031
12.640681028366089
12.653647899627686
12.667193174362183
12.680726051330566
12.693698167800903
12.706480026245117
12.72152328491211
12.735843181610107
12.750908851623535
12.765314102172852
12.778337955474854
12.792250156402588
12.804673910140991
12.819537878036499
12.834501028060913
12.848934888839722
12.861775159835815
12.877022981643677
12.889232873916626
12.901504039764404
12.914376974105835
12.927326917648315
12.94214129447937
12.953171968460083
12.968070983886719
12.9829740524292
12.995185136795044
13.009101867675781
13.022195816040039
13.037342071533203
13.051921129226685
13.066359996795654
13.079077005386353
13.09406590461731
13.109246969223022
13.121759176254272
13.136721134185791
13.151548147201538
13.165499925613403
13.180529117584229
13.194080352783203
13.209415912628174
13.224382877349854
13.237317085266113
13.25229787826538
13.267355918884277
13.28246021270752
13.297614812850952
13.312083959579468
13.327234983444214
13.340381860733032
13.353492975234985
13.368665218353271
13.381171941757202
13.395752906799316
13.410591125488281
13.42478632926941
13.43982195854187
13.452979326248169
13.46588683128357
13.480896711349487
13.494673013687134
13.507136106491089
13.52207899093628
13.537124872207642
13.552361011505127
13.567358016967773
13.580027103424072
13.594978094100952
13.609863758087158
13.623965740203857
13.638282060623169
13.652491807937622
13.667542934417725
13.68183183670044
13.694584846496582
13.709650039672852
13.723666191101074
13.736515998840332
13.751504182815552
13.765438318252563
13.779530048370361
13.794471979141235
13.809250116348267
13.821866989135742
13.836750745773315
13.849472999572754
13.86175799369812
13.876441717147827
13.891014814376831
13.902363777160645
13.916679859161377
13.931797981262207
13.944534063339233
13.959226131439209
13.974480867385864
13.989142179489136
14.004194021224976
14.018066167831421
14.033130884170532
14.048178911209106
14.060681104660034
14.072061777114868
14.083451986312866
14.097212314605713
14.108868837356567
14.120726108551025
14.135040998458862
14.14995789527893
14.163466930389404
14.176430940628052
14.190242767333984
14.203605890274048
14.218608140945435
14.232927322387695
14.246510982513428
14.260247945785522
14.27269196510315
14.285346031188965
14.300407886505127
14.313671827316284
14.327830076217651
14.340758085250854
14.352964878082275
14.367990016937256
14.382982015609741
14.39819598197937
14.411419868469238
14.426378011703491
14.440678119659424
14.453667163848877
14.46867823600769
14.48304033279419
14.496395111083984
14.510417222976685
14.525450944900513
14.538683891296387
14.55331826210022
14.566272974014282
14.579665184020996
14.594686031341553
14.60935091972351
14.624117136001587
14.638931035995483
14.651771068572998
14.66485595703125
14.67974305152893
14.69346022605896
14.707179069519043
14.722166061401367
14.735578060150146
14.75074315071106
14.765769958496094
14.780887126922607
14.795878887176514
14.810573816299438
14.823377132415771
14.838268995285034
14.853408098220825
14.86847996711731
14.881613969802856
14.896383047103882
14.91126298904419
14.924010992050171
14.93883490562439
14.953008890151978
14.96527099609375
14.979237079620361
14.993764877319336
15.008296012878418
15.02175784111023
15.036627054214478
15.048910140991211
15.063787937164307
15.078353881835938
15.093445062637329
15.107760190963745
15.120221853256226
15.135140895843506
15.150210618972778
15.164383888244629
15.179476261138916
15.194490909576416
15.209599018096924
15.224624156951904
15.237558126449585
15.252501964569092
15.267547130584717
15.28255009651184
15.296332120895386
15.309585809707642
15.322415828704834
15.334787130355835
15.348975658416748
15.363372087478638
15.377776861190796
15.392849922180176
15.405702114105225
15.42067003250122
15.43464183807373
15.44948410987854
15.46381402015686
15.476262092590332
15.491200923919678
15.505393981933594
15.518518924713135
15.533633708953857
15.548604011535645
15.561363220214844
15.576503038406372
15.591471910476685
15.606107234954834
15.620525121688843
15.634315013885498
15.64790391921997
15.662845849990845
15.676682949066162
15.691471815109253
15.706382036209106
15.719345808029175
15.732949018478394
15.747972249984741
15.761318922042847
15.77530813217163
15.787399768829346
15.800219774246216
15.813891887664795
15.829069137573242
15.84316086769104
15.855962991714478
15.870983123779297
15.886000871658325
15.899003982543945
15.91248893737793
15.927386999130249
15.939932823181152
15.952223777770996
15.966695070266724
15.981674909591675
15.996025800704956
16.01109504699707
16.024616956710815
16.03974485397339
16.054672956466675
16.069207191467285
16.084510803222656
16.097970008850098
16.11300301551819
16.1280996799469
16.14183497428894
16.156838178634644
16.169864892959595
16.18489980697632
16.19913911819458
16.212224006652832
16.227360010147095
16.24244999885559
16.255128860473633
16.270092010498047
16.28511929512024
16.30010485649109
16.31512212753296
16.327567100524902
16.342618942260742
16.356507062911987
16.37060809135437
16.38284420967102
16.397958278656006
16.411254167556763
16.426281929016113
16.44122886657715
16.456238746643066
16.470621824264526
16.48407793045044
16.499140739440918
16.511184215545654
16.526196002960205
16.54122495651245
16.555670976638794
16.569074869155884
16.58413815498352
16.59910798072815
16.614069938659668
16.629065990447998
16.642419815063477
16.65737295150757
16.672339916229248
16.68521809577942
16.69751811027527
16.71247887611389
16.727458000183105
16.74178910255432
16.754853010177612
16.769153118133545
16.783895015716553
16.79631996154785
16.810049772262573
16.825032949447632
16.837379932403564
16.852220058441162
16.865746021270752
16.87708806991577
16.888324975967407
16.900697708129883
16.914879083633423
16.929013967514038
16.944653034210205
16.958663940429688
16.972156047821045
16.987087965011597
17.002084970474243
17.017070055007935
17.03010106086731
17.043487787246704
17.057173013687134
17.07226586341858
17.086583852767944
17.100910902023315
17.11477303504944
17.1297709941864
17.14477801322937
17.15964102745056
17.17451000213623
17.188869953155518
17.201368808746338
17.216325998306274
17.231269121170044
17.24531602859497
17.259467840194702
17.274539947509766
17.2863609790802
17.300880193710327
17.314984798431396
17.329179048538208
17.344214916229248
17.359206199645996
17.373652935028076
17.387889862060547
17.40178680419922
17.41556406021118
17.43058681488037
17.44443917274475
17.459486961364746
17.473381996154785
17.48625612258911
17.501285791397095
17.515639781951904
17.530713081359863
17.544661045074463
17.558856964111328
17.573923110961914
17.586257696151733
17.601330995559692
17.615434885025024
17.630505800247192
17.644105911254883
17.659130811691284
17.673407793045044
17.690470933914185
17.703502893447876
17.717875003814697
17.732769012451172
17.744887113571167
17.757711172103882
17.770412921905518
17.78562092781067
17.79963707923889
17.81318497657776
17.825396060943604
17.837998151779175
17.852622985839844
17.865133047103882
17.87982416152954
17.894865036010742
17.907038927078247
17.922038078308105
17.936228275299072
17.950777053833008
17.965500831604004
17.980494737625122
17.995535850524902
18.009904861450195
18.024450063705444
18.039246082305908
18.054189205169678
18.066757202148438
18.08179998397827
18.097014904022217
18.109663009643555
18.124941110610962
18.140052795410156
18.153714895248413
18.166280031204224
18.18125009536743
18.196214199066162
18.210975885391235
18.22583317756653
18.238963842391968
18.252054929733276
18.267072916030884
18.27983808517456
18.292879819869995
18.306960105895996
18.322183847427368
18.33724093437195
18.351709842681885
18.364701986312866
18.379727125167847
18.394723176956177
18.409727096557617
18.424760103225708
18.43772602081299
18.452709913253784
18.46643877029419
18.480304718017578
18.495426654815674
18.51027512550354
18.525273084640503
18.540255069732666
18.55265998840332
18.564175844192505
18.577989101409912
18.591691970825195
18.605411052703857
18.616995811462402
18.628129720687866
18.639101028442383
18.651391983032227
18.667503118515015
18.678961038589478
18.693664073944092
18.706271171569824
18.72073006629944
18.736302852630615
18.74856996536255
18.76211404800415
18.776084899902344
18.78936219215393
18.803539991378784
18.815654039382935
18.826828002929688
18.83928918838501
18.853556156158447
18.867247104644775
18.882044792175293
18.894118785858154
18.9079270362854
18.922813892364502
18.93475103378296
18.949488162994385
18.963501930236816
18.978271961212158
18.991037130355835
19.00351095199585
19.015589952468872
19.0280179977417
19.040431261062622
19.051883935928345
19.063823699951172
19.07613492012024
19.08986210823059
19.103235006332397
19.117794036865234
19.13222908973694
19.147183895111084
19.159852027893066
19.172960996627808
19.187549829483032
19.200751066207886
19.21438694000244
19.226806163787842
19.24161720275879
19.253803968429565
19.26883101463318
19.281960010528564
19.29490303993225
19.30996298789978
19.32498598098755
19.339981079101562
19.354663133621216
19.36689305305481
19.38185715675354
19.396786212921143
19.409701108932495
19.42340087890625
19.43551015853882
19.45048499107361
19.46558904647827
19.479573965072632
19.49354910850525
19.50853705406189
19.522737979888916
19.53767991065979
19.552701950073242
19.56562900543213
