0.0010328292846679688
0.012600183486938477
0.023454904556274414
0.034400224685668945
0.04511594772338867
0.05660891532897949
0.06755304336547852
0.07822108268737793
0.08920001983642578
0.10255694389343262
0.1135711669921875
0.12439084053039551
0.13518905639648438
0.14633393287658691
0.15708708763122559
0.16795802116394043
0.17905378341674805
0.1901078224182129
0.20086193084716797
0.21168899536132812
0.22244715690612793
0.23319292068481445
0.24443387985229492
0.2554740905761719
0.26813411712646484
0.27893614768981934
0.2897348403930664
0.3007338047027588
0.3139801025390625
0.32480406761169434
0.3380086421966553
0.3487567901611328
0.3618957996368408
0.37505102157592773
0.3858509063720703
0.39652514457702637
0.4082791805267334
0.4193730354309082
0.43355226516723633
0.44558191299438477
0.4570047855377197
0.46859312057495117
0.4797251224517822
0.49155688285827637
0.5029346942901611
0.5164849758148193
0.5301570892333984
0.5448698997497559
0.5599040985107422
0.5743510723114014
0.589367151260376
0.604071855545044
0.618361234664917
0.6333229541778564
0.6480910778045654
0.6626420021057129
0.6763153076171875
0.6911799907684326
0.7049140930175781
0.7202849388122559
0.7332417964935303
0.7455863952636719
0.7604780197143555
0.7753100395202637
0.7893061637878418
0.8041820526123047
0.818950891494751
0.8316268920898438
0.8466348648071289
0.8616530895233154
0.8741641044616699
0.8857898712158203
0.9007279872894287
0.9156930446624756
0.9339020252227783
0.946260929107666
0.9594995975494385
0.9704780578613281
0.984220027923584
0.9988617897033691
1.0138578414916992
1.0279576778411865
1.041482925415039
1.0565109252929688
1.0714738368988037
1.084758996963501
1.096994161605835
1.1118621826171875
1.1242551803588867
1.139530897140503
1.1526319980621338
1.1654930114746094
1.1803579330444336
1.194044828414917
1.2070269584655762
1.2213828563690186
1.2332839965820312
1.2447900772094727
1.2589030265808105
1.271606683731079
1.2866461277008057
1.3013029098510742
1.3157880306243896
1.3286802768707275
1.3427760601043701
1.3543460369110107
1.3666586875915527
1.3818769454956055
1.3965981006622314
1.4085111618041992
1.4225168228149414
1.4351680278778076
1.4498088359832764
1.4637460708618164
1.4774599075317383
1.4915080070495605
1.5038506984710693
1.5189130306243896
1.5340979099273682
1.548020839691162
1.5596368312835693
1.5726368427276611
1.584744930267334
1.5994377136230469
1.6131601333618164
1.6278018951416016
1.6406779289245605
1.6536660194396973
1.6670899391174316
1.6811180114746094
1.6955666542053223
1.710465908050537
1.7234089374542236
1.7382888793945312
1.7510321140289307
1.7637591361999512
1.7787420749664307
1.7932991981506348
1.8078997135162354
1.8213469982147217
1.835754156112671
1.8485791683197021
1.8628978729248047
1.8750381469726562
1.886916160583496
1.8997278213500977
1.9112918376922607
1.9239208698272705
1.9362261295318604
1.9513828754425049
1.9654510021209717
1.9800491333007812
1.9917950630187988
2.0068421363830566
2.0213871002197266
2.0364699363708496
2.0481009483337402
2.0631067752838135
2.0782248973846436
2.090880870819092
2.1038661003112793
2.1174280643463135
2.130146026611328
2.143150806427002
2.1582369804382324
2.1706929206848145
2.1830861568450928
2.1979379653930664
2.2128939628601074
2.224555015563965
2.2395501136779785
2.254549264907837
2.2673180103302
2.2803337574005127
2.2945683002471924
2.3063559532165527
2.3182551860809326
2.3315749168395996
2.34367299079895
2.358355760574341
2.3728089332580566
2.3841938972473145
2.3989651203155518
2.4124269485473633
2.4240617752075195
2.4358420372009277
2.4489099979400635
2.4613749980926514
2.4751157760620117
2.486649990081787
2.499408006668091
2.5106780529022217
2.522214889526367
2.537116765975952
2.5501530170440674
2.5628230571746826
2.574291944503784
2.5890328884124756
2.602025032043457
2.6149330139160156
2.6291778087615967
2.6433441638946533
2.6581649780273438
2.671180009841919
2.6844401359558105
2.6971709728240967
2.710505247116089
2.7226779460906982
2.734755754470825
2.748748779296875
2.7633488178253174
2.775934934616089
2.7907981872558594
2.80466890335083
2.8168911933898926
2.829061985015869
2.8413829803466797
2.8532090187072754
2.8654561042785645
2.878432035446167
2.8913581371307373
2.904320001602173
2.918865919113159
2.9335310459136963
2.94645094871521
2.9608259201049805
2.975949764251709
2.987863779067993
3.0008740425109863
3.0158889293670654
3.027228832244873
3.039989948272705
3.0553650856018066
3.0690932273864746
3.080977201461792
3.0952467918395996
3.109981060028076
3.121957778930664
3.136945962905884
3.149641990661621
3.164618968963623
3.1778182983398438
3.1928000450134277
3.2075531482696533
3.2205960750579834
3.2339937686920166
3.249095916748047
3.264219045639038
3.2793967723846436
3.2921481132507324
3.3046460151672363
3.319432020187378
3.333159923553467
3.3464012145996094
3.3604390621185303
3.3750619888305664
3.387349843978882
3.402387857437134
3.415560007095337
3.427797794342041
3.439645767211914
3.4515671730041504
3.466649055480957
3.480803966522217
3.4958109855651855
3.508697032928467
3.5222373008728027
3.5372061729431152
3.550182819366455
3.565201759338379
3.578805923461914
3.59375
3.608762741088867
3.622021198272705
3.6370890140533447
3.650146722793579
3.663356065750122
3.677846908569336
3.692803144454956
3.7071621417999268
3.72255277633667
3.7348179817199707
3.749661922454834
3.7624592781066895
3.776193141937256
3.789630889892578
3.802628755569458
3.815932035446167
3.828328847885132
3.8424861431121826
3.8573310375213623
3.868891954421997
3.8824961185455322
3.896620035171509
3.9098689556121826
3.9226348400115967
3.934638023376465
3.9467499256134033
3.9616589546203613
3.9751780033111572
3.9864768981933594
4.00139307975769
4.014061689376831
4.028543949127197
4.043481111526489
4.056440114974976
4.071309804916382
4.085984945297241
4.0989320278167725
4.111994028091431
4.125757217407227
4.1408209800720215
4.155658960342407
4.170625925064087
4.184545040130615
4.199498891830444
4.212625026702881
4.225250959396362
4.239902973175049
4.25454306602478
4.267451286315918
4.28171181678772
4.296743392944336
4.310847043991089
4.323758840560913
4.336673021316528
4.349844932556152
4.3634490966796875
4.378299951553345
4.394014358520508
4.408336877822876
4.421215057373047
4.433959007263184
4.448880910873413
4.461525917053223
4.475392818450928
4.487896919250488
4.501296281814575
4.514008283615112
4.529138803482056
4.544196128845215
4.558582067489624
4.5736448764801025
4.588606834411621
4.6035315990448
4.616268873214722
4.628767967224121
4.6422038078308105
4.6571080684661865
4.670896053314209
4.683685779571533
4.695931911468506
4.710041046142578
4.723407030105591
4.738429307937622
4.753439903259277
4.767346143722534
4.782172203063965
4.796008110046387
4.80955171585083
4.822844982147217
4.834628105163574
4.845908880233765
4.858451843261719
4.872215986251831
4.883177995681763
4.894601106643677
4.906821012496948
4.921669244766235
4.935096740722656
4.94944167137146
4.963905096054077
4.9787421226501465
4.993049144744873
5.005758047103882
5.018506050109863
5.03358793258667
5.048675060272217
5.0620317459106445
5.077054023742676
5.090829133987427
5.105831861495972
5.1197190284729
5.133156776428223
5.148216247558594
5.163422107696533
5.178654909133911
5.19384503364563
5.206424713134766
5.2214720249176025
5.234194040298462
5.247240781784058
5.259353160858154
5.270887136459351
5.284653902053833
5.296871185302734
5.309087038040161
5.322103023529053
5.337023019790649
5.351945877075195
5.365184783935547
5.379838943481445
5.394481897354126
5.40677809715271
5.421842813491821
5.434258937835693
5.446231126785278
5.460187911987305
5.472919940948486
5.485575914382935
5.500643014907837
5.514012098312378
5.526244163513184
5.5382537841796875
5.550732135772705
5.563452243804932
5.5769689083099365
5.5895092487335205
5.604195833206177
5.619459867477417
5.632476091384888
5.6473069190979
5.662169933319092
5.6755030155181885
5.689136743545532
5.701366186141968
5.7154319286346436
5.728537082672119
5.743316173553467
5.756700038909912
5.770779371261597
5.783204078674316
5.798387289047241
5.8166868686676025
5.829841375350952
5.844928741455078
5.85713267326355
5.872102975845337
5.886914014816284
5.9019482135772705
5.914515018463135
5.928637742996216
5.94322395324707
5.9582200050354
5.972615957260132
5.9869420528411865
6.001345872879028
6.016102075576782
6.028732061386108
6.041314125061035
6.056297063827515
6.070245742797852
6.085248947143555
6.1003196239471436
6.115311861038208
6.1304030418396
6.144402980804443
6.156347990036011
6.170720100402832
6.183706283569336
6.196608066558838
6.211633920669556
6.224978923797607
6.237543821334839
6.250086069107056
6.264883995056152
6.279422998428345
6.29209303855896
6.3070900440216064
6.320417881011963
6.335235118865967
6.348927021026611
6.3613221645355225
6.3763110637664795
6.3891050815582275
6.404069900512695
6.419014930725098
6.435484886169434
6.448405027389526
6.463361024856567
6.476184129714966
6.490580081939697
6.504955291748047
6.518373727798462
6.531095027923584
6.544774293899536
6.5569541454315186
6.570945978164673
6.585585117340088
6.599324941635132
6.612961053848267
6.6275200843811035
6.641573905944824
6.656944036483765
6.670204162597656
6.684456825256348
6.699481725692749
6.712018966674805
6.724383115768433
6.738692760467529
6.750982999801636
6.763304948806763
6.777736186981201
6.793605089187622
6.808480978012085
6.823492765426636
6.837267160415649
6.85237193107605
6.866827964782715
6.881824016571045
6.896274089813232
6.909888029098511
6.922353982925415
6.937415361404419
6.950997591018677
6.96342396736145
6.977052211761475
6.991868019104004
7.00613808631897
7.020126104354858
7.033453941345215
7.0485382080078125
7.063503265380859
7.078451871871948
7.0935540199279785
7.107850074768066
7.1227641105651855
7.135990142822266
7.1507248878479
7.1656739711761475
7.178291320800781
7.193285942077637
7.206236124038696
7.219001054763794
7.232763051986694
7.245177984237671
7.2602479457855225
7.273102045059204
7.2880120277404785
7.302012920379639
7.316348314285278
7.331655025482178
7.345991134643555
7.360340118408203
7.375322103500366
7.389492034912109
7.401556015014648
7.413935899734497
7.428814888000488
7.444021940231323
7.4571027755737305
7.472095012664795
7.487082004547119
7.500820875167847
7.516101837158203
7.529423952102661
7.542927980422974
7.55664324760437
7.571379899978638
7.586390018463135
7.600887060165405
7.615762233734131
7.628464937210083
7.641223907470703
7.656412839889526
7.670526027679443
7.685506105422974
7.6994240283966064
7.713786840438843
7.7266740798950195
7.7388060092926025
7.75236701965332
7.765535831451416
7.78134298324585
7.793754816055298
7.808803081512451
7.8237690925598145
7.836535692214966
7.85159707069397
7.866580247879028
7.879394054412842
7.894420146942139
7.90712308883667
7.922168731689453
7.937152147293091
7.952172040939331
7.966084957122803
7.981092929840088
7.9938061237335205
8.007676362991333
8.022557020187378
8.03567385673523
8.048066854476929
8.06296420097351
8.077477931976318
8.092465162277222
8.105782747268677
8.11874008178711
8.134225845336914
8.14714002609253
8.16059684753418
8.175750970840454
8.190825939178467
8.203449726104736
8.216324090957642
8.230295896530151
8.24341082572937
8.257660865783691
8.2694571018219
8.28445816040039
8.297492980957031
8.310254096984863
8.325284957885742
8.338872909545898
8.353895902633667
8.368906021118164
8.384105920791626
8.399139165878296
8.411712884902954
8.42622184753418
8.438905715942383
8.451725006103516
8.464423894882202
8.4775972366333
8.492606163024902
8.505949020385742
8.520913124084473
8.536041021347046
8.54947018623352
8.564518928527832
8.578403234481812
8.591188907623291
8.603842973709106
8.618792057037354
8.632724046707153
8.64656114578247
8.660830974578857
8.676202297210693
8.689235925674438
8.704596042633057
8.717825889587402
8.730646133422852
8.742854118347168
8.754425287246704
8.769405841827393
8.783427000045776
8.79749083518982
8.81263518333435
8.825167179107666
8.83777403831482
8.849621057510376
8.86426591873169
8.878965139389038
8.893336057662964
8.907954216003418
8.923062086105347
8.937656879425049
8.95224905014038
8.965672016143799
8.979613065719604
8.994486093521118
9.007274389266968
9.021277904510498
9.036227941513062
9.051091194152832
9.063740968704224
9.077357053756714
9.092339277267456
9.105978965759277
9.121285676956177
9.136467933654785
9.14929986000061
9.164484024047852
9.179578065872192
9.192203044891357
9.204748153686523
9.219452857971191
9.234566926956177
9.248646974563599
9.262217998504639
9.275893926620483
9.290376901626587
9.304845094680786
9.317636728286743
9.33266806602478
9.348181009292603
9.361284017562866
9.37635612487793
9.391390800476074
9.406527042388916
9.421518087387085
9.435842275619507
9.450926780700684
9.463878870010376
9.477991819381714
9.491143941879272
9.505928993225098
9.521000862121582
9.536111831665039
9.550647020339966
9.563853025436401
9.577371835708618
9.592380046844482
9.607363939285278
9.62110185623169
9.633224964141846
9.64835000038147
9.662287950515747
9.674830913543701
9.68972396850586
9.702800989151001
9.716807842254639
9.731261730194092
9.743128061294556
9.755527257919312
9.770490169525146
9.783843040466309
9.799038887023926
9.814066886901855
9.826835870742798
9.841893911361694
9.856202125549316
9.867794036865234
9.882762908935547
9.89778470993042
9.910629034042358
9.925265789031982
9.940241813659668
9.953326225280762
9.968207120895386
9.983227252960205
9.997052192687988
10.012062072753906
10.02596926689148
10.041138887405396
10.055451154708862
10.070389986038208
10.085373163223267
10.09780478477478
10.112752199172974
10.127798080444336
10.140491008758545
10.155449867248535
10.16796612739563
10.18149209022522
10.1948721408844
10.209970951080322
10.223706007003784
10.238853216171265
10.253881931304932
10.268892049789429
10.283481121063232
10.29694938659668
10.30995774269104
10.32488489151001
10.338112115859985
10.353064060211182
10.36812710762024
10.380277156829834
10.393470048904419
10.406635761260986
10.421647071838379
10.436131000518799
10.448580026626587
10.461726903915405
10.474380016326904
10.48832392692566
10.502341032028198
10.517378091812134
10.531697273254395
10.545184135437012
10.557825088500977
10.573118925094604
10.586941003799438
10.599954843521118
10.612779140472412
10.62557077407837
10.639429092407227
10.65247392654419
10.665021896362305
10.67676591873169
10.688914060592651
10.7036771774292
10.716996908187866
10.731970071792603
10.746943950653076
10.758458852767944
10.773575782775879
10.7866690158844
10.801640748977661
10.815663814544678
10.830750942230225
10.845714807510376
10.860769033432007
10.872886896133423
10.885792016983032
10.899905920028687
10.914891004562378
10.92994999885559
10.943786859512329
10.95884108543396
10.972556114196777
10.987540006637573
11.001321077346802
11.01612114906311
11.029796838760376
11.044852018356323
11.059811115264893
11.074629783630371
11.087510108947754
11.101756811141968
11.115006923675537
11.12836503982544
11.141087055206299
11.15358591079712
11.168559074401855
11.183325052261353
11.19812798500061
11.210738897323608
11.22418999671936
11.23689866065979
11.25196886062622
11.265947818756104
11.281012058258057
11.29494595527649
11.308266162872314
11.323056936264038
11.338109016418457
11.352999925613403
11.366587162017822
11.378988981246948
11.394049882888794
11.406917095184326
11.421703100204468
11.434219121932983
11.448348999023438
11.463441133499146
11.478024005889893
11.492246150970459
11.505125999450684
11.519798040390015
11.53233790397644
11.54743504524231
11.5624680519104
11.577652931213379
11.591281175613403
11.606267213821411
11.619427919387817
11.63157033920288
11.644382953643799
11.656863927841187
11.670360088348389
11.681430101394653
11.696506977081299
11.710914134979248
11.72280216217041
11.7377290725708
11.751588106155396
11.765667915344238
11.778406858444214
11.792559146881104
11.807548999786377
11.821461200714111
11.835211038589478
11.849860191345215
11.863157987594604
11.878200769424438
11.892584085464478
11.905229091644287
11.918889999389648
11.933856010437012
11.94763708114624
11.962680101394653
11.977521896362305
11.989562273025513
12.002776145935059
12.017035007476807
12.031494855880737
12.04549789428711
12.059774160385132
12.073673009872437
12.086257934570312
12.100208044052124
12.112451076507568
12.124910116195679
12.14001989364624
12.152733087539673
12.166486024856567
12.181485891342163
12.196794271469116
12.209385395050049
12.224372148513794
12.238768339157104
12.25240683555603
12.267212152481079
12.28225040435791
12.296552181243896
12.308042049407959
12.322011709213257
12.335323810577393
12.349924087524414
12.363345861434937
12.37832498550415
12.39176869392395
12.405470848083496
12.418341875076294
12.4322030544281
12.447283029556274
12.462254762649536
12.476972103118896
12.492359161376953
12.506629943847656
12.520818948745728
12.535531044006348
12.548626899719238
12.562238931655884
12.577683210372925
12.591598749160767
12.604928016662598
12.617570877075195
12.630759000778198
12.643059968948364
12.656797885894775
12.668091058731079
12.680246114730835
12.691611051559448
12.705995082855225
12.720969915390015
12.736140966415405
12.750257015228271
12.76310110092163
12.778108835220337
12.793046236038208
12.80825400352478
12.82081413269043
12.835919857025146
12.850982904434204
12.86545205116272
12.87989091873169
12.893430948257446
12.907984972000122
12.922980785369873
12.936403036117554
12.948246002197266
12.961435079574585
12.974724054336548
12.989916801452637
13.002733945846558
13.017739057540894
13.032871961593628
13.046172380447388
13.06110692024231
13.072858810424805
13.087744951248169
13.103145122528076
13.118171691894531
13.131417274475098
13.145988941192627
13.160971879959106
13.175328731536865
13.190278053283691
13.205204010009766
13.219005107879639
13.233824014663696
13.247373104095459
13.262668132781982
13.277785778045654
13.292800664901733
13.306015968322754
13.318269968032837
13.33132266998291
13.34530782699585
13.360382080078125
13.372330904006958
13.387309789657593
13.402300834655762
13.415969848632812
13.429066896438599
13.442668914794922
13.457661867141724
13.472661972045898
13.486170053482056
13.501175165176392
13.515553951263428
13.528702974319458
13.542195796966553
13.557282209396362
13.570589065551758
13.58478593826294
13.599292039871216
13.612691164016724
13.628886222839355
13.640575885772705
13.655601024627686
13.67057204246521
13.685678958892822
13.698827028274536
13.713888883590698
13.726482152938843
13.738759994506836
