0.001039743423461914
0.013628959655761719
0.024634122848510742
0.03567624092102051
0.0462031364440918
0.05787801742553711
0.06872010231018066
0.08010482788085938
0.0913400650024414
0.10199093818664551
0.11510396003723145
0.1257331371307373
0.1363067626953125
0.14707207679748535
0.15771102905273438
0.16863727569580078
0.18021607398986816
0.1906290054321289
0.20124292373657227
0.21185803413391113
0.22239112854003906
0.2329411506652832
0.24348211288452148
0.25432491302490234
0.26493000984191895
0.2755258083343506
0.2861480712890625
0.2991611957550049
0.3098878860473633
0.3203592300415039
0.330808162689209
0.3411440849304199
0.35245704650878906
0.3630669116973877
0.37400174140930176
0.3852260112762451
0.39559483528137207
0.4084789752960205
0.42174196243286133
0.4368550777435303
0.4519832134246826
0.46512889862060547
0.4805722236633301
0.4949610233306885
0.5079860687255859
0.5227179527282715
0.5366058349609375
0.5514979362487793
0.5644290447235107
0.5761590003967285
0.5883691310882568
0.6034448146820068
0.6151716709136963
0.6284198760986328
0.6417250633239746
0.6543421745300293
0.6693439483642578
0.6828422546386719
0.6954801082611084
0.7080299854278564
0.7209539413452148
0.7357869148254395
0.7503430843353271
0.7652738094329834
0.7782011032104492
0.7908899784088135
0.8054201602935791
0.8182170391082764
0.8323078155517578
0.8464939594268799
0.861069917678833
0.8728017807006836
0.8881051540374756
0.9027550220489502
0.9162900447845459
0.932096004486084
0.9432699680328369
0.9553689956665039
0.96726393699646
0.9785542488098145
0.9909191131591797
1.0037689208984375
1.0166940689086914
1.0314528942108154
1.0459589958190918
1.0582678318023682
1.0736103057861328
1.0858781337738037
1.0992231369018555
1.111725091934204
1.1259000301361084
1.1382181644439697
1.1513700485229492
1.164391040802002
1.1791808605194092
1.1929481029510498
1.2083308696746826
1.221733808517456
1.2345960140228271
1.2477829456329346
6.973999977111816
6.986181020736694
6.9972240924835205
7.012027978897095
7.026716947555542
7.038622140884399
7.051103830337524
7.066365003585815
7.081064224243164
7.092726230621338
7.107251167297363
7.119095087051392
7.133761167526245
7.148211240768433
7.1600658893585205
7.173667907714844
7.1865668296813965
7.20053505897522
7.213459014892578
7.227944850921631
7.241270065307617
7.256421804428101
7.269347190856934
7.283915996551514
7.297263145446777
7.311509847640991
7.325498819351196
7.337677717208862
7.353034019470215
7.366286039352417
7.381249904632568
7.394150972366333
7.4072229862213135
7.420243978500366
7.433622121810913
7.446267127990723
7.4609808921813965
7.473504066467285
7.488657236099243
7.503300905227661
7.516674041748047
7.530608892440796
7.5442070960998535
7.558801889419556
7.571288824081421
7.586330890655518
7.601111888885498
7.616116046905518
7.630697011947632
7.645981073379517
7.658074855804443
7.672868251800537
7.686677932739258
7.69903302192688
7.712023735046387
7.7248618602752686
7.740065574645996
7.754979133605957
7.769746780395508
7.781792163848877
7.796626806259155
7.811543941497803
7.823811054229736
7.835744142532349
7.851086139678955
7.866161823272705
7.881211996078491
7.893562078475952
7.907145023345947
7.92059588432312
7.934345006942749
7.948720932006836
7.963831901550293
7.9760167598724365
7.988270044326782
8.000365018844604
8.015403747558594
8.027614116668701
8.04039716720581
8.053026914596558
8.067739963531494
8.080703258514404
8.09429407119751
8.109578132629395
8.12499713897705
8.137329816818237
8.149858951568604
8.162210941314697
8.17616891860962
8.190123081207275
8.2054922580719
8.219030857086182
8.231711387634277
8.2447509765625
8.259449005126953
8.272764921188354
8.285938024520874
8.300149202346802
8.314671754837036
8.330022096633911
8.343880891799927
8.35796594619751
8.373269081115723
8.3858962059021
8.400969982147217
8.414514064788818
8.427066087722778
8.441831111907959
8.454267024993896
8.46791410446167
8.48246717453003
8.497801065444946
8.510047912597656
8.52243423461914
8.53491497039795
8.547358989715576
8.56216812133789
8.574599266052246
8.587951898574829
8.602741956710815
8.614525318145752
8.62940001487732
8.644182920455933
8.659506797790527
8.674422025680542
8.687031745910645
8.701770067214966
8.716669082641602
8.729012966156006
8.740998983383179
8.755831956863403
8.770524024963379
8.78257703781128
8.796000003814697
8.809427976608276
8.821029901504517
8.834381818771362
8.846747875213623
8.85916805267334
8.873012065887451
8.887523174285889
8.900017261505127
8.913709163665771
8.92589783668518
8.940829038619995
8.953200101852417
8.965475082397461
8.980718851089478
8.992321968078613
9.00508713722229
9.01857304573059
9.031638860702515
9.046666860580444
9.06013298034668
9.07498812675476
9.086570978164673
9.100240707397461
9.112787961959839
9.125800848007202
9.138254880905151
9.153006792068481
9.168424129486084
9.182843923568726
9.195734024047852
9.20934009552002
9.224217891693115
9.236732959747314
9.251312017440796
9.263875007629395
9.2783203125
9.293424129486084
9.305609941482544
9.318787813186646
9.331400871276855
9.346218824386597
9.360971927642822
9.374166011810303
9.386578798294067
9.399834156036377
9.4145348072052
9.428370237350464
9.440668106079102
9.453206062316895
9.466191053390503
9.479369878768921
9.49170994758606
9.504090785980225
9.518356084823608
9.532504081726074
9.546945095062256
9.561383247375488
9.573767185211182
9.587020635604858
9.600575923919678
9.615445137023926
9.630245923995972
9.64417290687561
9.657994031906128
9.67092514038086
9.684622049331665
9.698616027832031
9.713016033172607
9.726335048675537
9.741122245788574
9.754071950912476
9.76794695854187
9.779586791992188
9.790952920913696
9.803442239761353
9.818068981170654
9.831324100494385
9.843464851379395
9.855884790420532
9.87037992477417
9.884194135665894
9.898955821990967
9.91319727897644
9.925837993621826
9.938635110855103
9.954038143157959
9.968838691711426
9.98351788520813
9.998252153396606
10.011299133300781
10.024525165557861
10.039345026016235
10.053009748458862
10.065245866775513
10.078446865081787
10.092706680297852
10.106827735900879
10.120828866958618
10.135452032089233
10.15045690536499
10.162795066833496
10.178241968154907
10.192458152770996
10.207880973815918
10.222685098648071
10.2345449924469
10.248422861099243
10.263757944107056
10.276914119720459
10.290601968765259
10.303622961044312
10.318165063858032
10.330359697341919
10.345077991485596
10.3590829372406
10.373875141143799
10.386312007904053
10.40107011795044
10.41642689704895
10.428799867630005
10.443104982376099
10.458197116851807
10.47147798538208
10.484344959259033
10.499222993850708
10.512691974639893
10.525736093521118
10.541025876998901
10.55577802658081
10.570183038711548
10.58302092552185
10.5953528881073
10.609011888504028
10.62424087524414
10.639552116394043
10.654441118240356
10.669986963272095
10.684822082519531
10.697259902954102
10.709589004516602
10.721816062927246
10.735595941543579
10.75089406967163
10.765320062637329
10.778816223144531
10.793491840362549
10.807138919830322
10.82198977470398
10.836887121200562
10.85359001159668
10.86780071258545
10.879900932312012
10.894864082336426
10.907328128814697
10.919852018356323
10.933576822280884
10.948493957519531
10.962610006332397
10.975279092788696
10.987312078475952
11.002085208892822
11.017170906066895
11.0294828414917
11.044311046600342
11.059712886810303
11.072494745254517
11.084854125976562
11.099560976028442
11.11231017112732
11.127218961715698
11.140338897705078
11.152241945266724
11.166982173919678
11.180424928665161
11.194375991821289
11.209259033203125
11.223142862319946
11.235081195831299
11.248233079910278
11.261579036712646
11.274331092834473
11.28666377067566
11.299347877502441
11.311995029449463
11.324779033660889
11.337642908096313
11.351094961166382
11.364890098571777
11.37827205657959
11.390882968902588
11.404636859893799
11.418002843856812
11.431760311126709
11.443478107452393
11.455401420593262
11.467002153396606
11.480552911758423
11.495907068252563
11.508456945419312
11.523384094238281
11.535833835601807
11.549222946166992
11.561484813690186
11.575851917266846
11.590632915496826
11.604003667831421
11.616016864776611
11.629469871520996
11.641977787017822
11.656688928604126
11.669141054153442
11.682195901870728
11.696371793746948
11.71053409576416
11.725134134292603
11.73975396156311
11.751936912536621
11.764364242553711
11.778582096099854
11.793083190917969
11.805840969085693
11.819397926330566
11.832955837249756
11.847663879394531
11.861572265625
11.876595258712769
11.888848066329956
11.904163122177124
11.919053077697754
11.933887958526611
11.947345972061157
11.959550857543945
11.971383094787598
11.983184814453125
11.996073007583618
12.007319688796997
12.018340826034546
12.029253959655762
12.042701721191406
12.058118104934692
12.07300591468811
12.087898254394531
12.100741863250732
12.112905025482178
12.126000881195068
12.137953042984009
12.153093338012695
12.16531777381897
12.177367925643921
12.189049243927002
12.203028917312622
12.21575379371643
12.22812008857727
12.243465900421143
12.25810718536377
12.27198314666748
12.284597873687744
12.2969331741333
12.312023162841797
12.325977087020874
12.339256763458252
12.354044914245605
12.366313934326172
12.379508256912231
12.391741037368774
12.405149936676025
12.419378995895386
12.43386173248291
12.448720216751099
12.460798025131226
12.47350287437439
12.48619794845581
12.499932050704956
12.514657974243164
12.529330015182495
12.541306972503662
12.554523944854736
12.569185018539429
12.583018064498901
12.596471071243286
12.611900806427002
12.626332998275757
12.638420820236206
12.65337085723877
12.666697025299072
12.678425788879395
12.690229892730713
12.70249319076538
12.714448928833008
12.726713180541992
12.738365173339844
12.751203775405884
12.763124942779541
12.775660991668701
12.787858009338379
12.800137996673584
12.813680171966553
12.82852816581726
12.84273099899292
12.855049848556519
12.867245197296143
12.882174253463745
12.894935131072998
12.907124996185303
12.920564889907837
12.934558153152466
12.948822975158691
12.961014032363892
12.975580930709839
12.990633010864258
13.004221200942993
13.017303228378296
13.032666206359863
13.048088073730469
13.060975074768066
13.076327323913574
13.091076135635376
13.106137037277222
13.12067985534668
13.136146068572998
13.149533748626709
13.162316083908081
13.176334142684937
13.191020011901855
13.20605206489563
13.21825098991394
13.230184078216553
13.24370789527893
13.258309125900269
13.273224115371704
13.285733938217163
13.297519207000732
13.309478282928467
13.321967840194702
13.33417272567749
13.348736763000488
13.363931894302368
13.375468969345093
13.389511346817017
13.403405904769897
13.41591501235962
13.429780006408691
13.441436767578125
13.455896139144897
13.47028398513794
13.484721899032593
13.496771097183228
13.511573076248169
13.525651931762695
13.538064956665039
13.552657842636108
13.566725254058838
13.5777108669281
13.588459014892578
13.59954309463501
13.612215042114258
13.625275135040283
13.63748812675476
13.650214910507202
13.662166118621826
13.674178123474121
13.685797929763794
13.699106931686401
13.714000940322876
13.728480100631714
13.740220308303833
13.752251148223877
13.76389193534851
13.775367259979248
13.787308692932129
13.801175117492676
13.812643051147461
13.825315952301025
13.83850383758545
13.850396156311035
13.864184856414795
13.875635862350464
13.890246152877808
13.90144681930542
13.913451910018921
13.925602197647095
13.937112808227539
13.951368808746338
13.963614225387573
13.978947162628174
13.991836071014404
14.004745244979858
14.016855955123901
14.029639959335327
14.041752815246582
14.05411696434021
14.06672215461731
14.079052686691284
14.091930866241455
14.105691194534302
14.118265867233276
14.13269591331482
14.147396087646484
14.159749984741211
14.172193765640259
14.184715032577515
14.197700023651123
14.209901094436646
14.222291231155396
14.236847877502441
14.25097393989563
14.262713193893433
14.275007963180542
14.288074016571045
14.30028486251831
14.312624216079712
14.326786041259766
14.338466882705688
14.350421905517578
14.36286973953247
14.377316951751709
14.389057874679565
14.40346884727478
14.416102886199951
14.429426908493042
14.443992137908936
14.458177089691162
14.470854043960571
14.483392000198364
14.49766492843628
14.509829759597778
14.521781921386719
14.53449821472168
14.547721862792969
14.559704065322876
14.574334144592285
14.586873769760132
14.598984003067017
14.613745927810669
14.628753900527954
14.64072299003601
14.65347695350647
14.66495418548584
14.677347183227539
14.689944982528687
14.704595804214478
14.717521905899048
14.729980230331421
14.741274118423462
14.753207921981812
14.764591932296753
14.779343128204346
14.794142961502075
14.806389093399048
14.82102108001709
14.834317207336426
14.84679102897644
14.861331939697266
14.874067068099976
14.885702133178711
14.898529767990112
14.912891864776611
14.9253990650177
14.93773102760315
14.951240301132202
14.962320804595947
14.973556995391846
14.988429069519043
15.001632928848267
15.013372898101807
15.025878190994263
15.038153886795044
15.050524950027466
15.06311297416687
15.075001955032349
15.08800482749939
15.100420951843262
15.113867998123169
15.126972198486328
15.138357877731323
15.1496000289917
15.163028001785278
15.174010753631592
15.186530828475952
15.1985342502594
15.210906982421875
15.22555685043335
15.237421035766602
15.25019097328186
15.26463794708252
15.277292013168335
15.291123867034912
15.306006908416748
15.318984031677246
15.33386516571045
15.34824013710022
15.361285209655762
15.37373423576355
15.38656997680664
15.398691892623901
15.41195797920227
15.424861907958984
15.437241077423096
15.45066213607788
15.462496995925903
15.475629091262817
15.487103939056396
15.500156879425049
15.514867067337036
15.528122901916504
15.542903900146484
15.557708024978638
15.570273876190186
15.581683158874512
15.594098806381226
15.607242822647095
15.62022089958191
15.631589889526367
15.646015167236328
15.660867929458618
15.673619985580444
15.688397884368896
15.70082688331604
15.714692831039429
15.727380990982056
15.741403818130493
15.755198001861572
15.767693758010864
15.78137493133545
15.79464602470398
15.806949138641357
15.820076942443848
15.832065105438232
15.84599494934082
15.860549926757812
15.874015092849731
15.887296199798584
15.899561882019043
15.913357019424438
15.927751302719116
15.941529750823975
15.955474853515625
15.97022795677185
15.982872724533081
15.994880676269531
16.006793975830078
16.01927900314331
16.03090810775757
16.045339822769165
16.057777881622314
16.069413900375366
16.08420705795288
16.09853219985962
16.110330820083618
16.122901916503906
16.137704849243164
16.150471210479736
16.164920806884766
16.17927098274231
16.193442821502686
16.205060958862305
16.218143939971924
16.23262882232666
16.247042655944824
16.260732889175415
16.274692058563232
16.288520097732544
16.302987098693848
16.314393997192383
16.328760147094727
16.340618133544922
16.353530883789062
16.367568016052246
16.379162073135376
16.391066789627075
16.404974937438965
16.417734146118164
16.432515144348145
16.447325944900513
16.45936894416809
16.471314907073975
16.483432054519653
16.49536108970642
16.50772786140442
16.520559787750244
16.535483837127686
16.549296140670776
16.56170415878296
16.573838233947754
16.586809873580933
16.599841117858887
16.612231969833374
16.625781059265137
16.640224933624268
16.65288209915161
16.667268991470337
16.679865837097168
16.692471027374268
16.704426050186157
16.71758484840393
16.73139977455139
16.745884895324707
16.758260011672974
16.77256488800049
16.784454107284546
16.796549081802368
16.81003999710083
16.82455277442932
16.83611798286438
16.84903597831726
16.861101865768433
16.875705003738403
16.888296842575073
16.900145292282104
16.9150710105896
16.92960000038147
16.941120147705078
16.955573320388794
16.968389987945557
16.980487823486328
16.99316716194153
17.007685899734497
17.021512269973755
17.033642053604126
17.045063972473145
17.05930495262146
17.071617126464844
17.08488917350769
17.096998929977417
17.11106824874878
17.125530242919922
17.1388201713562
17.152974128723145
17.166676998138428
17.179086685180664
17.19333815574646
17.205442905426025
17.219902992248535
17.232648849487305
17.24715518951416
17.259207010269165
17.271377086639404
17.284279108047485
17.29664158821106
17.308879852294922
17.322981119155884
17.334580898284912
17.34672212600708
17.35827398300171
17.373138189315796
17.384643077850342
17.39611005783081
17.410463094711304
17.422484159469604
17.436427116394043
17.44779324531555
17.461334228515625
17.47623920440674
17.4896240234375
17.501473665237427
17.51594591140747
17.530221939086914
17.542086839675903
17.555052995681763
17.56821608543396
17.579921007156372
17.5933620929718
17.6055109500885
17.619069814682007
17.63340473175049
17.64493179321289
17.65784502029419
17.670979976654053
17.683395862579346
17.695302963256836
17.709272623062134
17.72390580177307
17.736778020858765
17.74923801422119
17.762556791305542
17.777102947235107
17.790385007858276
17.802488803863525
17.81687021255493
17.831104040145874
17.844531774520874
17.855866193771362
17.866752862930298
17.87867307662964
17.891618013381958
17.90645408630371
17.92181396484375
17.93561291694641
17.948163270950317
17.95979905128479
17.97364902496338
17.984947204589844
17.996087074279785
18.008215188980103
18.0205500125885
18.033104181289673
18.044738054275513
18.05587100982666
18.06858205795288
18.079697847366333
18.09283185005188
18.104036808013916
18.114923000335693
18.127944946289062
18.142903089523315
18.157509088516235
18.172412157058716
18.185237884521484
18.1982421875
18.21067214012146
18.224409103393555
18.238456964492798
18.25308394432068
18.266446828842163
18.278380870819092
18.293303966522217
18.30564570426941
18.31955313682556
18.33291006088257
18.347450256347656
18.362192153930664
18.376904010772705
18.389118909835815
18.40387511253357
18.419217109680176
18.434353828430176
18.449027061462402
18.462671756744385
18.475107669830322
18.48992109298706
18.504721879959106
18.516129970550537
18.528719902038574
18.540382862091064
18.552801847457886
18.56746816635132
18.579668045043945
18.593934297561646
18.606475830078125
18.61890411376953
18.63377594947815
18.64686393737793
18.660292148590088
18.672489166259766
18.685048818588257
18.70034623146057
18.712154865264893
18.72461986541748
18.737027168273926
18.75120782852173
18.763628005981445
18.777029991149902
18.7891206741333
18.800485134124756
18.815300941467285
18.82770013809204
18.84235405921936
18.855988264083862
18.868982076644897
18.88053607940674
18.892590045928955
18.906970739364624
18.92107081413269
18.935919284820557
18.95062518119812
18.963917016983032
18.977735996246338
