0.001107931137084961
0.013575077056884766
0.026746749877929688
0.03778266906738281
0.048583030700683594
0.06176114082336426
0.07239294052124023
0.08297491073608398
0.09357404708862305
0.10401201248168945
0.11451482772827148
0.12489008903503418
0.13547515869140625
0.14704585075378418
0.15772509574890137
0.16919898986816406
0.17986798286437988
0.19084596633911133
0.2018277645111084
0.2149968147277832
0.22572684288024902
0.23636507987976074
0.2468407154083252
0.25738000869750977
0.2678489685058594
0.27856016159057617
0.2892930507659912
0.3000009059906006
0.310776948928833
0.3211650848388672
0.3322758674621582
0.34328699111938477
0.3541910648345947
0.36483168601989746
0.37581300735473633
0.38628506660461426
0.3967428207397461
0.40758180618286133
0.4181947708129883
0.4286782741546631
0.44263505935668945
0.4548532962799072
0.46973419189453125
0.4838218688964844
0.4963572025299072
0.5095882415771484
0.5236639976501465
0.5370769500732422
0.552009105682373
0.5672802925109863
0.5801162719726562
0.5949790477752686
0.6086597442626953
0.6210718154907227
0.6348690986633301
0.6473009586334229
0.6600780487060547
0.6735491752624512
0.688176155090332
0.7031478881835938
0.7155640125274658
0.7303931713104248
0.7448759078979492
0.7570638656616211
0.7702200412750244
0.7836527824401855
0.7957699298858643
0.8085479736328125
0.8194880485534668
0.8305099010467529
0.8439350128173828
0.8563859462738037
0.8710219860076904
0.8833029270172119
0.896604061126709
0.9114880561828613
0.9231610298156738
0.9366271495819092
0.9500172138214111
0.9628207683563232
0.9758059978485107
0.9901401996612549
1.0026817321777344
1.0171658992767334
1.0313260555267334
1.0457231998443604
1.0581960678100586
1.0704388618469238
1.0825071334838867
1.0946507453918457
1.1068322658538818
1.1201941967010498
1.1343672275543213
1.1463160514831543
1.1593799591064453
1.1728761196136475
1.188368797302246
1.2037839889526367
1.2184560298919678
1.2307829856872559
1.2433559894561768
1.2586228847503662
1.2722530364990234
1.2847580909729004
1.2986397743225098
1.3140180110931396
1.3287663459777832
1.340942144393921
1.3545551300048828
1.3698759078979492
1.385301113128662
1.4005789756774902
1.4122211933135986
1.426367998123169
1.4395289421081543
1.4527831077575684
1.4655969142913818
1.480544090270996
1.4959568977355957
1.510430097579956
1.5241889953613281
1.5387482643127441
1.5517828464508057
1.5667409896850586
1.5822300910949707
1.5948078632354736
1.6070420742034912
1.6192288398742676
1.6345789432525635
1.6495299339294434
1.664376974105835
1.6786701679229736
1.6910731792449951
1.7042059898376465
1.717289924621582
1.7295920848846436
1.744297981262207
1.7587792873382568
1.7734410762786865
1.7874040603637695
1.802130937576294
1.8147859573364258
1.8272182941436768
1.8389780521392822
1.8537328243255615
1.8685977458953857
1.8815522193908691
1.8969149589538574
1.9112908840179443
1.924565076828003
1.9367730617523193
1.9490087032318115
1.964021921157837
1.9786810874938965
1.9936671257019043
2.0066401958465576
2.02201509475708
2.036533832550049
2.0489110946655273
2.0636348724365234
2.0776901245117188
2.091031074523926
2.1039228439331055
2.1173787117004395
2.1325628757476807
2.1447949409484863
2.15971302986145
2.1726651191711426
2.1846139430999756
2.199558973312378
2.214440107345581
2.2274608612060547
2.242097854614258
2.2557640075683594
2.26896595954895
2.2812769412994385
2.2944087982177734
2.3078219890594482
2.3198561668395996
2.334427833557129
2.349221706390381
2.3613648414611816
2.3763427734375
2.3905391693115234
2.404097557067871
2.416062831878662
2.4292831420898438
2.442169189453125
2.4562318325042725
2.470957040786743
2.4859890937805176
2.4987988471984863
2.5135769844055176
2.5289900302886963
2.54433012008667
2.556645154953003
2.5710339546203613
2.5858519077301025
2.5989859104156494
2.614367961883545
2.6294679641723633
2.6441810131073
2.656841993331909
2.6716771125793457
2.6830241680145264
2.6983397006988525
2.713458299636841
2.725806951522827
2.738267183303833
2.7522659301757812
2.7670531272888184
2.780709981918335
2.7924911975860596
2.806356906890869
2.8211822509765625
2.8349249362945557
2.8472142219543457
2.862036943435669
2.874539852142334
2.888715982437134
2.90346097946167
2.9172568321228027
2.930345058441162
2.9438090324401855
2.9578771591186523
2.969921827316284
2.9825470447540283
2.997138261795044
3.0081400871276855
3.0224809646606445
3.0365991592407227
3.0495848655700684
3.0631659030914307
3.075732946395874
3.0886592864990234
3.101430892944336
3.115072011947632
3.130021095275879
3.144918203353882
3.1569831371307373
3.1722848415374756
3.187535047531128
3.200058937072754
3.2122299671173096
3.224519968032837
3.2393670082092285
3.252190113067627
3.266880989074707
3.2801859378814697
3.293337106704712
3.3087072372436523
3.322671890258789
3.336637258529663
3.351407051086426
3.3639278411865234
3.3786239624023438
3.391996145248413
3.4043490886688232
3.419325828552246
3.431554079055786
3.44626522064209
3.4611148834228516
3.475493907928467
3.490839958190918
3.5030558109283447
3.5178098678588867
3.5311899185180664
3.5453858375549316
3.559262990951538
3.571890354156494
3.587200164794922
3.602557897567749
3.6174702644348145
3.6298413276672363
3.642009973526001
3.6568539142608643
3.670537233352661
3.685415029525757
3.6975889205932617
3.7100820541381836
3.7222797870635986
3.7369511127471924
3.748878002166748
3.7636349201202393
3.778430938720703
3.7904551029205322
3.805133104324341
3.817946195602417
3.8318190574645996
3.8465373516082764
3.8580358028411865
3.8717617988586426
3.885586738586426
3.8980109691619873
3.911707878112793
3.927159070968628
3.939880847930908
3.952362060546875
3.9647622108459473
3.9761698246002197
3.9884908199310303
4.002431869506836
4.017033815383911
4.032426834106445
4.043886184692383
4.059241056442261
4.071372985839844
4.086174011230469
4.101570129394531
4.1162779331207275
4.1319568157196045
4.144864082336426
4.160214900970459
4.173763036727905
4.186935186386108
4.201801300048828
4.214368104934692
4.229117155075073
4.243376016616821
4.257297992706299
4.270694017410278
4.285011053085327
4.299776077270508
4.312104940414429
4.327047109603882
4.341148853302002
4.354174852371216
4.369025945663452
4.384428024291992
4.396651983261108
4.409593820571899
4.421885967254639
4.433842182159424
4.448652982711792
4.463698863983154
4.475937843322754
4.4905219078063965
4.505248069763184
4.517210006713867
4.530463933944702
4.542824983596802
4.557518243789673
4.571142911911011
4.585256814956665
4.599203109741211
4.612546920776367
4.627315044403076
4.639938116073608
4.654483079910278
4.669092893600464
4.683844089508057
4.697738885879517
4.711768865585327
4.7262349128723145
4.737951993942261
4.749680280685425
4.763870000839233
4.777090787887573
4.789512872695923
4.802202939987183
4.816939830780029
4.833768844604492
4.848513126373291
4.862112998962402
4.877146005630493
4.889376163482666
4.904270172119141
4.916772127151489
4.931639194488525
4.944881916046143
4.960234880447388
4.9748311042785645
4.987602949142456
5.0029191970825195
5.016463994979858
5.028126001358032
5.042535305023193
5.057794094085693
5.071969985961914
5.085767030715942
5.09914493560791
5.112579107284546
5.1277549266815186
5.139607906341553
5.15447211265564
5.169270038604736
5.182922124862671
5.196744918823242
5.208884239196777
5.223057985305786
5.23724889755249
5.251997947692871
5.264343023300171
5.278881788253784
5.292736053466797
5.3057050704956055
5.317782878875732
5.330695152282715
5.344604253768921
5.357049942016602
5.371941804885864
5.38667106628418
5.399558067321777
5.412236928939819
5.424669981002808
5.439911127090454
5.454465866088867
5.466721057891846
5.478400230407715
5.491714954376221
5.506596803665161
5.521589040756226
5.534961938858032
5.549336671829224
5.5616350173950195
5.574426651000977
5.586824893951416
5.601718187332153
5.614325046539307
5.627518892288208
5.640059947967529
5.655091285705566
5.6673407554626465
5.682187080383301
5.694772005081177
5.709395170211792
5.721962928771973
5.7336649894714355
5.74639892578125
5.761313199996948
5.773505926132202
5.788214921951294
5.800535202026367
5.813032865524292
5.827744960784912
5.841565847396851
5.856709003448486
5.870473384857178
5.883563995361328
5.898834943771362
5.91404914855957
5.928869247436523
5.940928936004639
5.955980062484741
5.9706971645355225
5.982572078704834
5.996174097061157
6.0093138217926025
6.023984909057617
6.03759503364563
6.05094313621521
6.064734220504761
6.080214977264404
6.093188762664795
6.105791091918945
6.121248960494995
6.134799003601074
6.146614074707031
6.16130805015564
6.175832986831665
6.19060206413269
6.205215930938721
6.218705892562866
6.233566999435425
6.2486960887908936
6.262104034423828
6.275749683380127
6.29102897644043
6.304224014282227
6.316303253173828
6.3317320346832275
6.345033884048462
6.356908798217773
6.370294094085693
6.382880926132202
6.39668607711792
6.408984661102295
6.4223151206970215
6.437119960784912
6.451251029968262
6.463121175765991
6.475863933563232
6.491352081298828
6.505090951919556
6.5185322761535645
6.5302629470825195
6.541761875152588
6.552746057510376
6.56406569480896
6.575068235397339
6.585896968841553
6.597274303436279
6.6090028285980225
6.624346017837524
6.6397459506988525
6.652453899383545
6.6651451587677
6.679733991622925
6.692179203033447
6.703600168228149
6.717789173126221
6.731119871139526
6.745965003967285
6.760808944702148
6.775666236877441
6.789077043533325
6.801896810531616
6.815778970718384
6.828380823135376
6.840818881988525
6.8554980754852295
6.867818117141724
6.882503032684326
6.894692897796631
6.90959095954895
6.921093225479126
6.935833692550659
6.950250864028931
6.965090036392212
6.978724956512451
6.993597984313965
7.007508993148804
7.019881010055542
7.034039735794067
7.048724889755249
7.062943935394287
7.077776908874512
7.091541051864624
7.104750871658325
7.120091915130615
7.132814168930054
7.146614074707031
7.159981966018677
7.171727180480957
7.185253858566284
7.19883918762207
7.212880849838257
7.225477933883667
7.238084077835083
7.251648902893066
7.266992807388306
7.279325008392334
7.292038917541504
7.306664228439331
7.32048773765564
7.335853815078735
7.350996971130371
7.365431785583496
7.380747079849243
7.39526891708374
7.409955739974976
7.423830986022949
7.438661098480225
7.452174186706543
7.466960191726685
7.479805946350098
7.494534015655518
7.507139205932617
7.519446134567261
7.5318427085876465
7.546104192733765
7.558481216430664
7.573227643966675
7.587153911590576
7.599686145782471
7.611745119094849
7.626479864120483
7.640612840652466
7.653723239898682
7.66653299331665
7.678875923156738
7.691078186035156
7.705740928649902
7.718535900115967
7.733217000961304
7.746223211288452
7.7650146484375
7.779090881347656
7.793731212615967
7.806423902511597
7.820205211639404
7.835102796554565
7.850010871887207
7.86226487159729
7.873996019363403
7.8863911628723145
7.898401975631714
7.910667896270752
7.924122095108032
7.93950891494751
7.954446077346802
7.967173337936401
7.978923082351685
7.991091012954712
8.00330400466919
8.01857304573059
8.033179759979248
8.048224210739136
8.06189513206482
8.074137926101685
8.08649492263794
8.099297046661377
8.114091873168945
8.12766170501709
8.141431093215942
8.155321836471558
8.16877293586731
8.183599710464478
8.197746992111206
8.209935903549194
8.222779989242554
8.23674201965332
8.249540090560913
8.264377117156982
8.279372930526733
8.291790246963501
8.304141998291016
8.316687822341919
8.331469058990479
8.345489978790283
8.360107898712158
8.374064922332764
8.387598991394043
8.401649951934814
8.416666746139526
8.429715871810913
8.445035934448242
8.456944227218628
8.47169804573059
8.484638929367065
8.499511003494263
8.512527227401733
8.525915145874023
8.538110971450806
8.553504943847656
8.567461013793945
8.580105066299438
8.594905138015747
8.609761953353882
8.622287034988403
8.637090921401978
8.651288032531738
8.666069030761719
8.67864179611206
8.690982818603516
8.703449010848999
8.71602201461792
8.72840929031372
8.744132041931152
8.75900387763977
8.7743399143219
8.789422035217285
8.801220893859863
8.814561128616333
8.828402280807495
8.84150218963623
8.854696989059448
8.870008945465088
8.882460117340088
8.897961139678955
8.91335391998291
8.927037954330444
8.939712047576904
8.954494953155518
8.968408823013306
8.980748176574707
8.996176958084106
9.010463953018188
9.022806167602539
9.038185119628906
9.051261186599731
9.064552068710327
9.078783988952637
9.093658685684204
9.109128952026367
9.121684074401855
9.133617162704468
9.146296977996826
9.161025047302246
9.175516128540039
9.188173055648804
9.203603982925415
9.21693205833435
9.231424570083618
9.243037939071655
9.256590127944946
9.271292924880981
9.282992124557495
9.294986963272095
9.308264017105103
9.323092937469482
9.338453769683838
9.350969076156616
9.363754987716675
9.37871789932251
9.394053936004639
9.407060146331787
9.42191219329834
9.436827898025513
9.449330806732178
9.463929653167725
9.476904392242432
9.490703105926514
9.502554893493652
9.514152765274048
9.52894377708435
9.544021606445312
9.55872917175293
9.573176860809326
9.585865020751953
9.600661039352417
9.61362099647522
9.626336097717285
9.638698816299438
9.6516432762146
9.663468837738037
9.67763900756836
9.6910879611969
9.706248044967651
9.721581220626831
9.73655104637146
9.749531984329224
9.762377977371216
9.774079084396362
9.789084196090698
9.803915023803711
9.816274881362915
9.83060884475708
9.845547914505005
9.858349084854126
9.873241901397705
9.885839939117432
9.898191213607788
9.91358208656311
9.928433895111084
9.942798852920532
9.958111047744751
9.97343897819519
9.985806941986084
10.000627040863037
10.013451099395752
10.028362035751343
10.04177713394165
10.056357860565186
10.071072816848755
10.085779905319214
10.099757194519043
10.114651918411255
10.1269211769104
10.139230966567993
10.153278350830078
10.1650550365448
10.180466890335083
10.192860126495361
10.207535982131958
10.222737073898315
10.238018989562988
10.25088381767273
10.266244888305664
10.280128002166748
10.293255090713501
10.30783200263977
10.322458982467651
10.334626913070679
10.347872972488403
10.360506772994995
10.374670028686523
10.389258861541748
10.4031240940094
10.415889739990234
10.429201126098633
10.444392919540405
10.459425210952759
10.47151517868042
10.486315965652466
10.499312162399292
10.514105081558228
10.528639793395996
10.541918992996216
10.556746006011963
10.571621179580688
10.585406064987183
10.597078084945679
10.612437963485718
10.62482500076294
10.638152837753296
10.649347066879272
10.664692878723145
10.678679704666138
10.691618204116821
10.703099012374878
10.71623706817627
10.728665113449097
10.7432701587677
10.757964611053467
10.772902250289917
10.786209106445312
10.800910949707031
10.813793897628784
10.827880144119263
10.841853141784668
10.855767726898193
10.869637250900269
10.882451057434082
10.894728899002075
10.907058954238892
10.919336080551147
10.931792736053467
10.946518182754517
10.95940089225769
10.973981857299805
10.988094806671143
11.000580787658691
11.013245105743408
11.028088808059692
11.043471813201904
11.056721210479736
11.070459127426147
11.085373878479004
11.097853899002075
11.112229824066162
11.126991987228394
11.14258098602295
11.157179117202759
11.169023990631104
11.181898832321167
11.196349859237671
11.209949731826782
11.222265005111694
11.23702096939087
11.249583005905151
11.262892007827759
11.27773380279541
11.289861679077148
11.305236101150513
11.319231033325195
11.33259630203247
11.347208976745605
11.36203908920288
11.376791000366211
11.39077615737915
11.40519905090332
11.419931888580322
11.433263778686523
11.446644067764282
11.462039709091187
11.477288246154785
11.492130994796753
11.504848957061768
11.517585754394531
11.530135869979858
11.545321941375732
11.5607328414917
11.573763132095337
11.587806940078735
11.601845026016235
11.614561080932617
11.628632068634033
11.640562772750854
11.654331922531128
11.666572093963623
11.680377960205078
11.693758964538574
11.708370923995972
11.72294020652771
11.735500812530518
11.750295877456665
11.762365341186523
11.774467945098877
11.789286851882935
11.80398416519165
11.816329002380371
11.8316171169281
11.846314907073975
11.861080169677734
11.875913858413696
11.889214754104614
11.904606819152832
11.919442892074585
11.933391809463501
11.947826862335205
11.960631847381592
11.975040912628174
11.990429878234863
12.003180980682373
12.01666808128357
12.031016111373901
12.04367470741272
12.058154106140137
12.071976900100708
12.084841966629028
12.097171783447266
12.11184573173523
12.124452114105225
12.138620853424072
12.153423070907593
12.167403936386108
12.180189847946167
12.193252801895142
12.205835819244385
12.217607975006104
12.230361223220825
12.244889974594116
12.259744882583618
12.272032737731934
12.284574747085571
12.297159910202026
12.310250997543335
12.322265148162842
12.335180759429932
12.34980821609497
12.365182876586914
12.37690806388855
12.3906090259552
12.405372858047485
12.418092012405396
12.432581901550293
12.447885990142822
12.462690114974976
12.475223779678345
12.49036192893982
12.504386186599731
12.51759386062622
12.53069281578064
12.543055772781372
12.55575180053711
12.568912982940674
12.583335161209106
12.595161199569702
12.607396841049194
12.61945390701294
12.633019208908081
12.644776821136475
12.657769203186035
12.671326875686646
12.683695316314697
12.69500184059143
12.709107875823975
12.721867084503174
12.735095024108887
12.749576091766357
12.76430892944336
12.77702808380127
12.79242491722107
12.804557800292969
12.819325923919678
12.833491802215576
12.844841003417969
12.858381032943726
12.871052980422974
12.882915019989014
12.894990921020508
12.90648603439331
12.91808795928955
12.930394172668457
12.944890022277832
12.958542108535767
12.972486972808838
12.98458218574524
12.997161865234375
13.010519981384277
13.022522926330566
13.034473896026611
13.047420978546143
13.060245990753174
13.071085929870605
13.086176872253418
13.098636150360107
13.110743999481201
13.12247610092163
13.136224031448364
13.148912191390991
13.163763046264648
13.17657208442688
13.190446853637695
13.204270839691162
13.216367244720459
13.22794222831726
13.242511987686157
13.254973888397217
13.26720404624939
13.281629085540771
13.294508934020996
13.306847095489502
13.319381713867188
13.331123113632202
13.343353271484375
13.356244325637817
13.370937824249268
13.385042905807495
13.398705005645752
13.413145780563354
13.425538778305054
13.440420866012573
13.452924966812134
13.465521812438965
13.477542877197266
13.489494800567627
13.502175331115723
13.516088247299194
