0.0008740425109863281
0.0015571117401123047
0.0009331703186035156
0.0015673637390136719
0.0017600059509277344
0.0010058879852294922
0.0007669925689697266
0.0017800331115722656
0.0007250308990478516
0.0007841587066650391
0.0007758140563964844
0.0008761882781982422
0.0007898807525634766
0.0016608238220214844
0.0007710456848144531
0.0011548995971679688
0.0007612705230712891
0.0016040802001953125
0.0007719993591308594
0.0014410018920898438
0.0008618831634521484
0.001764059066772461
0.000820159912109375
0.001692056655883789
0.0008130073547363281
0.0016438961029052734
0.0007758140563964844
0.0011360645294189453
0.0007870197296142578
0.001241922378540039
0.0007910728454589844
0.0016870498657226562
0.0007648468017578125
0.0016720294952392578
0.0007963180541992188
0.0011370182037353516
0.0008020401000976562
0.0015988349914550781
0.0008158683776855469
0.0017468929290771484
0.0008962154388427734
0.0013191699981689453
0.0007939338684082031
0.0012848377227783203
0.0008399486541748047
0.0011968612670898438
0.0006890296936035156
0.0013997554779052734
0.0008187294006347656
0.0012211799621582031
0.0008442401885986328
0.0017848014831542969
0.0008378028869628906
0.0011970996856689453
0.0008299350738525391
0.0008289813995361328
0.0008549690246582031
0.0008797645568847656
0.0008399486541748047
0.0010821819305419922
5.955117225646973
5.907760143280029
5.8582000732421875
5.8071448802948
5.7579591274261475
5.709822177886963
5.658150911331177
5.60854697227478
5.5575480461120605
5.509882211685181
5.459744930267334
5.411654949188232
5.360558986663818
5.313141107559204
5.261543273925781
5.214216232299805
5.164024114608765
5.113011837005615
5.0653111934661865
5.016748905181885
4.962646722793579
4.914400100708008
4.867961168289185
4.818526983261108
4.765919923782349
4.717638969421387
4.669114112854004
4.6196370124816895
4.570935010910034
4.517279148101807
4.4706408977508545
4.421279191970825
4.370739936828613
4.321573257446289
4.269744157791138
4.221783876419067
4.172657012939453
4.121248960494995
4.073706150054932
4.024183034896851
3.9717350006103516
3.9224681854248047
3.8731260299682617
3.8226349353790283
3.773066997528076
3.723886728286743
3.673008918762207
3.6263020038604736
3.575463056564331
3.5251832008361816
3.474893093109131
3.4285759925842285
3.3796937465667725
3.329638957977295
3.27775502204895
3.2281839847564697
3.178675413131714
3.1318728923797607
3.079430103302002
3.0297060012817383
2.980142831802368
2.929299831390381
2.88081693649292
2.8341729640960693
2.7805240154266357
2.732794761657715
2.6825547218322754
2.6357269287109375
2.586195945739746
2.533705949783325
2.4841537475585938
2.4337689876556396
2.3850769996643066
2.333757162094116
2.2890357971191406
2.239467144012451
2.1861581802368164
2.136932134628296
2.090641975402832
2.041200876235962
1.9884638786315918
1.938852071762085
1.8907849788665771
1.8407549858093262
1.7905771732330322
1.7405188083648682
1.6934070587158203
1.6429400444030762
1.5932490825653076
1.5401322841644287
1.4938411712646484
1.4421911239624023
1.3937947750091553
1.3431720733642578
1.2931079864501953
1.2465107440948486
1.197382926940918
1.1464331150054932
1.0960190296173096
1.0459208488464355
0.9943938255310059
0.9445879459381104
0.8980238437652588
0.847365140914917
0.7980561256408691
0.7477080821990967
0.6973910331726074
0.6512970924377441
0.6009001731872559
0.5511081218719482
0.49986720085144043
0.4502880573272705
0.40012478828430176
0.34978508949279785
0.3018820285797119
0.2534968852996826
0.20407772064208984
0.1521472930908203
0.10246086120605469
0.05310392379760742
0.005869865417480469
0.001689910888671875
0.001100778579711914
0.0007460117340087891
0.001161813735961914
0.0007789134979248047
0.0011169910430908203
0.0007572174072265625
0.0011298656463623047
0.0007729530334472656
0.0009381771087646484
0.0008058547973632812
0.0011463165283203125
0.000743865966796875
0.0008409023284912109
0.0007927417755126953
0.001107931137084961
0.0007462501525878906
0.0011169910430908203
0.0007638931274414062
0.001955270767211914
0.0007579326629638672
0.0011110305786132812
0.0007460117340087891
0.001096963882446289
0.0007789134979248047
0.000926971435546875
0.0007989406585693359
0.0011527538299560547
0.0007789134979248047
0.0009849071502685547
0.0008230209350585938
0.0010528564453125
0.0007531642913818359
0.0018422603607177734
0.0007948875427246094
0.0010170936584472656
0.0007879734039306641
0.0010960102081298828
0.0008249282836914062
0.0011737346649169922
0.0008339881896972656
0.0011811256408691406
0.0007901191711425781
0.001096963882446289
0.0007989406585693359
0.0010440349578857422
0.0008108615875244141
0.0016891956329345703
0.0008051395416259766
0.0011670589447021484
0.0007662773132324219
0.0013899803161621094
0.0007238388061523438
0.001112222671508789
0.0008187294006347656
0.000926971435546875
0.0007770061492919922
0.0009009838104248047
0.0007932186126708984
0.0011529922485351562
0.000926971435546875
0.0010759830474853516
0.0008020401000976562
0.0011413097381591797
0.0008780956268310547
0.0012040138244628906
0.0007908344268798828
0.0011260509490966797
0.0007798671722412109
0.00121307373046875
0.0010318756103515625
0.0011010169982910156
0.0008771419525146484
0.0010361671447753906
0.0009670257568359375
0.0007622241973876953
0.0011410713195800781
0.0007269382476806641
0.0010497570037841797
0.0009610652923583984
0.0011398792266845703
0.0009379386901855469
0.0015151500701904297
0.0007691383361816406
0.0011031627655029297
0.0010349750518798828
0.0015020370483398438
0.001497030258178711
0.001695871353149414
0.0009012222290039062
0.0017092227935791016
0.0008819103240966797
0.0016620159149169922
0.0009050369262695312
0.0011048316955566406
0.0008268356323242188
0.0016341209411621094
0.0007510185241699219
0.0016629695892333984
0.0007679462432861328
0.0016779899597167969
0.0008168220520019531
0.0018532276153564453
0.0007300376892089844
0.0010268688201904297
0.0007059574127197266
0.0007748603820800781
0.0006649494171142578
0.0017142295837402344
0.0007920265197753906
0.0017199516296386719
0.0006670951843261719
0.001767873764038086
0.0007700920104980469
0.0015859603881835938
0.0007860660552978516
0.0014491081237792969
0.0007789134979248047
0.0014600753784179688
0.0007610321044921875
0.0015900135040283203
0.0007810592651367188
0.001119852066040039
0.0007271766662597656
0.0013339519500732422
0.0007598400115966797
0.0012531280517578125
0.0016748905181884766
0.0011208057403564453
0.0007631778717041016
0.0010831356048583984
0.0007617473602294922
0.0011031627655029297
0.0007669925689697266
0.001352071762084961
0.0007860660552978516
0.0010972023010253906
0.0007507801055908203
0.0013723373413085938
0.0007870197296142578
0.001161813735961914
0.0008308887481689453
0.0011191368103027344
0.0006847381591796875
0.00086212158203125
0.0006580352783203125
0.0009989738464355469
0.0007910728454589844
0.0011551380157470703
0.0008058547973632812
0.001110076904296875
0.0007889270782470703
0.001461029052734375
0.0007908344268798828
0.0011148452758789062
0.0007431507110595703
0.001119852066040039
0.0007810592651367188
0.0010759830474853516
0.000762939453125
0.0017023086547851562
0.0007531642913818359
0.0015451908111572266
0.0007679462432861328
0.0014431476593017578
0.0006940364837646484
0.0014729499816894531
0.0007710456848144531
0.0014681816101074219
0.0007848739624023438
0.001476287841796875
0.0008380413055419922
0.0016980171203613281
0.0007920265197753906
0.0011301040649414062
0.0007748603820800781
0.0014910697937011719
0.0007698535919189453
0.0014529228210449219
0.0007829666137695312
0.0010907649993896484
0.0008001327514648438
0.0007522106170654297
0.0006837844848632812
0.0008020401000976562
0.0008530616760253906
0.0014219284057617188
0.0007398128509521484
0.0014300346374511719
0.0007622241973876953
0.0013251304626464844
0.0007760524749755859
0.0011420249938964844
0.0007607936859130859
0.0012209415435791016
0.0007939338684082031
0.0009350776672363281
0.0008141994476318359
0.0008959770202636719
0.0007929801940917969
0.0014681816101074219
0.0008497238159179688
0.0009350776672363281
0.0010318756103515625
0.0010461807250976562
0.0008041858673095703
0.001132965087890625
0.0009031295776367188
0.0013778209686279297
0.0010819435119628906
0.0013401508331298828
0.0009179115295410156
0.0010399818420410156
0.0008137226104736328
0.0010938644409179688
0.0008718967437744141
0.0008189678192138672
0.0008997917175292969
0.0008349418640136719
0.0012621879577636719
0.0009720325469970703
0.0015230178833007812
0.0007631778717041016
0.0012559890747070312
0.0007801055908203125
0.0016069412231445312
0.0011038780212402344
0.0015311241149902344
0.0008909702301025391
0.0011761188507080078
0.0007836818695068359
0.0016968250274658203
0.0007932186126708984
0.0017361640930175781
0.0007557868957519531
0.0016632080078125
0.0007460117340087891
0.0016820430755615234
0.0007538795471191406
0.0016698837280273438
0.0007309913635253906
0.0014681816101074219
0.0007662773132324219
0.001466989517211914
0.0008120536804199219
0.0016677379608154297
0.0007879734039306641
0.0017359256744384766
0.0007948875427246094
0.001138925552368164
0.0007491111755371094
0.0012819766998291016
0.0007302761077880859
0.0015430450439453125
0.0007679462432861328
0.001692056655883789
0.0007710456848144531
0.0016908645629882812
0.0007708072662353516
0.0016341209411621094
0.0007638931274414062
0.0016620159149169922
0.0007450580596923828
0.001728057861328125
0.0007619857788085938
0.0021550655364990234
0.001689910888671875
0.0014872550964355469
0.0006301403045654297
0.0016529560089111328
0.0007429122924804688
0.0008420944213867188
0.0007712841033935547
0.001711130142211914
0.0007619857788085938
0.0012631416320800781
0.0007600784301757812
0.00167083740234375
0.0007779598236083984
0.0008828639984130859
0.0007100105285644531
0.0016999244689941406
0.0007791519165039062
0.0017910003662109375
0.0007779598236083984
0.001851797103881836
0.0007488727569580078
0.0011339187622070312
0.001516103744506836
0.0016522407531738281
0.0007827281951904297
0.0016629695892333984
0.0007548332214355469
0.0017380714416503906
0.0007739067077636719
0.0017178058624267578
0.0007548332214355469
0.001683950424194336
0.0007727146148681641
0.0011479854583740234
0.0007650852203369141
0.0018558502197265625
0.0007619857788085938
0.0017399787902832031
0.0007359981536865234
0.0017690658569335938
0.0008370876312255859
0.0016620159149169922
0.0008032321929931641
0.001667022705078125
0.0007698535919189453
0.0017347335815429688
0.0007750988006591797
0.0011279582977294922
0.0008549690246582031
0.0014650821685791016
0.0007960796356201172
0.0016262531280517578
0.0007879734039306641
0.0017139911651611328
0.0007679462432861328
0.0017321109771728516
0.0007998943328857422
0.001165151596069336
0.0007798671722412109
0.0015139579772949219
0.0007781982421875
0.0014808177947998047
0.0007948875427246094
0.0015308856964111328
0.0008089542388916016
0.0012688636779785156
0.0008120536804199219
0.0014719963073730469
0.0007879734039306641
0.0013031959533691406
0.0008442401885986328
0.001013040542602539
0.0008280277252197266
0.0010859966278076172
0.000820159912109375
0.0017418861389160156
0.0008308887481689453
0.0009138584136962891
0.0008349418640136719
0.0009226799011230469
0.0008001327514648438
0.0011489391326904297
0.0009729862213134766
0.001024007797241211
0.0007870197296142578
0.0015120506286621094
0.001049041748046875
0.0012278556823730469
0.001107931137084961
0.0008373260498046875
0.001085042953491211
0.000823974609375
0.0015261173248291016
0.0009038448333740234
0.0013229846954345703
0.0008921623229980469
0.0014848709106445312
0.0009241104125976562
0.0015530586242675781
0.0008389949798583984
0.0015718936920166016
0.0008540153503417969
0.0016613006591796875
0.0007078647613525391
0.001783132553100586
0.0007600784301757812
0.0014688968658447266
0.0007770061492919922
0.0014412403106689453
0.0007829666137695312
0.0017342567443847656
0.0007688999176025391
0.0011239051818847656
0.0007319450378417969
0.0009179115295410156
0.0006871223449707031
0.0009539127349853516
0.0007658004760742188
0.0017511844635009766
0.0007481575012207031
0.0016319751739501953
0.0007128715515136719
0.00119781494140625
0.0008370876312255859
0.0017287731170654297
0.0007829666137695312
0.0017242431640625
0.0007839202880859375
0.0009031295776367188
0.0007860660552978516
0.0017499923706054688
0.0007498264312744141
0.0017459392547607422
0.0007662773132324219
0.0017442703247070312
0.0007557868957519531
0.0016701221466064453
0.0007538795471191406
0.001094818115234375
0.0007607936859130859
0.001397848129272461
0.0007627010345458984
0.0010988712310791016
0.0008380413055419922
0.0016980171203613281
0.0007710456848144531
0.0011820793151855469
0.0007967948913574219
0.001313924789428711
0.0007588863372802734
0.0010869503021240234
0.0007939338684082031
0.0016679763793945312
0.0007369518280029297
0.0008962154388427734
0.0008029937744140625
0.0016849040985107422
0.0008039474487304688
0.0010890960693359375
0.0007607936859130859
0.00109100341796875
0.0007679462432861328
0.0008668899536132812
0.0008280277252197266
0.0016040802001953125
0.0007832050323486328
0.001068115234375
0.0007631778717041016
0.0010020732879638672
0.0008139610290527344
0.0016319751739501953
0.0007836818695068359
0.0012879371643066406
0.0007238388061523438
0.001199960708618164
0.0007710456848144531
0.0011398792266845703
0.0007801055908203125
0.001035928726196289
0.0007421970367431641
0.0011048316955566406
0.0007929801940917969
0.0008549690246582031
0.0007927417755126953
0.0019562244415283203
0.0007979869842529297
0.0011069774627685547
0.0007779598236083984
0.0012340545654296875
0.0007901191711425781
0.0012309551239013672
0.0007989406585693359
0.0012400150299072266
0.000782012939453125
0.001277923583984375
0.00080108642578125
0.001397848129272461
0.0008499622344970703
0.0013031959533691406
0.0007150173187255859
0.0013082027435302734
0.0008115768432617188
0.0013360977172851562
0.0008020401000976562
0.0013551712036132812
0.00086212158203125
0.00125885009765625
0.0007948875427246094
0.0013489723205566406
0.0007905960083007812
0.0009648799896240234
0.0008368492126464844
0.0013968944549560547
0.0007607936859130859
0.0013833045959472656
0.00081634521484375
0.0014159679412841797
0.0007898807525634766
0.00138092041015625
0.0007219314575195312
0.0013339519500732422
0.0008170604705810547
0.0009160041809082031
0.0008471012115478516
0.0012750625610351562
0.0008950233459472656
0.0011491775512695312
0.0008089542388916016
0.0008988380432128906
0.0006988048553466797
0.0010678768157958984
0.0008046627044677734
0.0011057853698730469
0.0007729530334472656
0.001210927963256836
0.0009107589721679688
0.0011720657348632812
0.0008199214935302734
0.0009946823120117188
0.0010390281677246094
0.00096893310546875
0.0010640621185302734
0.000995635986328125
0.0010929107666015625
0.0008020401000976562
0.0009570121765136719
0.000993967056274414
0.0011057853698730469
0.0007679462432861328
0.0011019706726074219
0.0008792877197265625
0.0015261173248291016
0.0008933544158935547
0.0016970634460449219
0.0008158683776855469
0.0015490055084228516
0.0008766651153564453
0.001722097396850586
0.0007243156433105469
0.0015239715576171875
0.0007450580596923828
0.001712799072265625
0.0007560253143310547
0.0015811920166015625
0.0008840560913085938
0.001463174819946289
0.0007939338684082031
0.0017211437225341797
0.0007503032684326172
0.0011436939239501953
0.00074005126953125
0.0016798973083496094
0.0007760524749755859
0.001934051513671875
0.0007448196411132812
0.001672983169555664
0.0007250308990478516
0.0016770362854003906
0.0007808208465576172
0.0017638206481933594
0.0007486343383789062
0.0008950233459472656
0.00078582763671875
0.001779317855834961
0.0007569789886474609
0.0015559196472167969
0.0007851123809814453
0.0013880729675292969
0.0007879734039306641
0.0011649131774902344
0.0007500648498535156
0.0014209747314453125
0.0008540153503417969
0.0015201568603515625
0.0007979869842529297
0.0007958412170410156
0.0007548332214355469
0.00150299072265625
0.0008032321929931641
0.0015559196472167969
0.0016331672668457031
0.001428842544555664
0.0007863044738769531
0.0011487007141113281
0.00074005126953125
0.0012309551239013672
0.00078582763671875
0.001138925552368164
0.0008060932159423828
0.0012421607971191406
0.0008039474487304688
0.0016009807586669922
0.0007939338684082031
0.0016400814056396484
0.0007710456848144531
0.0009632110595703125
0.0007717609405517578
0.0015261173248291016
0.0008032321929931641
0.0008819103240966797
0.0007300376892089844
0.00109100341796875
0.0007739067077636719
0.0014948844909667969
0.0008060932159423828
0.0013890266418457031
0.0008091926574707031
0.0016813278198242188
0.0008761882781982422
0.0014488697052001953
0.0007696151733398438
0.000911712646484375
0.0007791519165039062
0.0017867088317871094
0.0007679462432861328
0.0017170906066894531
0.0008139610290527344
0.0011699199676513672
0.0007622241973876953
0.0013420581817626953
0.0007712841033935547
0.0014548301696777344
0.0007631778717041016
0.0014491081237792969
0.0007729530334472656
0.0014200210571289062
0.0007741451263427734
0.0014472007751464844
0.0007522106170654297
0.0012421607971191406
0.0007922649383544922
0.0013010501861572266
0.0008120536804199219
0.0014798641204833984
0.0008111000061035156
0.0013251304626464844
0.0007951259613037109
0.0013518333435058594
0.0008280277252197266
0.0014679431915283203
0.0007579326629638672
0.001149892807006836
0.0008273124694824219
0.0012922286987304688
0.0007779598236083984
0.0013470649719238281
0.0008141994476318359
0.0012121200561523438
0.0009100437164306641
0.0010981559753417969
0.0011169910430908203
0.0010771751403808594
0.0007982254028320312
0.0009188652038574219
0.0014879703521728516
0.000804901123046875
0.0011031627655029297
0.0008420944213867188
0.0011398792266845703
0.0009851455688476562
0.0008699893951416016
0.0010209083557128906
0.0015349388122558594
0.0008509159088134766
0.0017218589782714844
0.0009210109710693359
0.0010631084442138672
0.0008099079132080078
0.0010921955108642578
0.0007538795471191406
0.00189208984375
0.000705718994140625
0.0011010169982910156
0.0007569789886474609
0.0016570091247558594
0.0007529258728027344
0.0014600753784179688
0.0008077621459960938
0.001672983169555664
0.0006949901580810547
0.0017499923706054688
0.0007510185241699219
0.0016717910766601562
0.0007579326629638672
0.0012586116790771484
0.0007488727569580078
0.0016911029815673828
0.00074005126953125
0.0016088485717773438
0.0007171630859375
0.0014510154724121094
0.0008759498596191406
0.0010707378387451172
0.0007569789886474609
0.0011360645294189453
0.0017139911651611328
0.0016236305236816406
0.0007741451263427734
0.0011529922485351562
0.0008273124694824219
0.001744985580444336
0.001683950424194336
0.001728057861328125
0.0007469654083251953
0.001783132553100586
0.0007579326629638672
0.0017352104187011719
0.0007481575012207031
0.0011200904846191406
0.0007779598236083984
0.001708984375
0.0007779598236083984
0.0016093254089355469
0.0007631778717041016
0.0014910697937011719
0.0007970333099365234
0.0015218257904052734
0.0007469654083251953
0.0016298294067382812
0.0007998943328857422
0.0017359256744384766
0.000782012939453125
0.0016632080078125
0.0007557868957519531
0.0017352104187011719
0.0007719993591308594
0.0017371177673339844
0.0014531612396240234
0.0014600753784179688
0.0008161067962646484
0.0016849040985107422
0.0007448196411132812
0.0009281635284423828
0.0008256435394287109
0.0011730194091796875
0.0007829666137695312
0.001756906509399414
0.0007822513580322266
0.0015149116516113281
0.0007700920104980469
0.0011210441589355469
0.0007290840148925781
0.00145721435546875
0.0007710456848144531
0.001135110855102539
0.0008120536804199219
0.0010807514190673828
0.0007879734039306641
0.001188039779663086
0.0007736682891845703
0.0017731189727783203
0.0007989406585693359
0.0009329319000244141
0.0007796287536621094
0.0017130374908447266
0.0007529258728027344
0.0016460418701171875
0.0007810592651367188
0.0010917186737060547
0.0008339881896972656
0.0008959770202636719
0.0007290840148925781
0.0017337799072265625
0.0007872581481933594
0.0011069774627685547
0.0007789134979248047
0.0009038448333740234
0.0008318424224853516
0.0011348724365234375
0.0008101463317871094
0.0014350414276123047
0.0008199214935302734
0.001997709274291992
0.0008060932159423828
0.001110076904296875
0.0007617473602294922
0.0009479522705078125
0.0008246898651123047
0.0010759830474853516
0.0007460117340087891
0.0015780925750732422
0.0007722377777099609
0.0009098052978515625
0.0008008480072021484
0.0011382102966308594
0.0007359981536865234
0.0014081001281738281
0.0008177757263183594
0.0008068084716796875
0.0008521080017089844
0.0012068748474121094
0.0009107589721679688
0.0009479522705078125
0.0008649826049804688
0.0011761188507080078
0.0009112358093261719
0.0007989406585693359
0.0008866786956787109
0.0011391639709472656
0.001584768295288086
0.0008249282836914062
0.0009989738464355469
0.0008428096771240234
0.001377105712890625
0.000820159912109375
0.0014750957489013672
0.0008568763732910156
0.0017042160034179688
0.0008368492126464844
0.001271963119506836
0.0008168220520019531
0.0016980171203613281
0.0007963180541992188
0.00164794921875
0.0008749961853027344
0.0017330646514892578
0.0006761550903320312
0.0017337799072265625
0.0008115768432617188
0.0016598701477050781
0.0008459091186523438
0.001650094985961914
0.0007522106170654297
0.0017316341400146484
0.0007748603820800781
0.0017230510711669922
0.0007801055908203125
0.001718759536743164
0.0007250308990478516
0.0011699199676513672
0.0007710456848144531
0.0016560554504394531
0.0008356571197509766
0.001631021499633789
0.0007190704345703125
0.0017771720886230469
0.0008158683776855469
0.0017499923706054688
0.0007219314575195312
0.0011768341064453125
0.0007798671722412109
0.0017402172088623047
0.0007717609405517578
0.0014259815216064453
0.0008072853088378906
0.001116037368774414
0.0008771419525146484
0.0010962486267089844
0.0008368492126464844
0.0013480186462402344
0.0008089542388916016
0.0012500286102294922
0.0007870197296142578
0.0013208389282226562
0.0008449554443359375
0.0012221336364746094
0.0008373260498046875
0.0017271041870117188
0.0007638931274414062
0.0016889572143554688
0.0007901191711425781
0.0010750293731689453
0.0007898807525634766
0.001130819320678711
0.0008985996246337891
0.0007839202880859375
0.0008199214935302734
0.0011069774627685547
0.0007739067077636719
0.0013530254364013672
0.0007898807525634766
0.0011341571807861328
0.0007889270782470703
0.0016739368438720703
0.0007638931274414062
0.0012652873992919922
0.0007941722869873047
0.0013887882232666016
0.0008058547973632812
0.0016231536865234375
0.0017251968383789062
0.001708984375
0.0007588863372802734
0.0010709762573242188
0.0008273124694824219
0.001657724380493164
0.0007898807525634766
0.0011317729949951172
0.0008320808410644531
0.0008859634399414062
0.0007810592651367188
0.0012209415435791016
0.0007977485656738281
0.0016489028930664062
0.0007710456848144531
0.0012400150299072266
0.0007519721984863281
0.0010001659393310547
0.0007741451263427734
0.0008668899536132812
0.0007870197296142578
0.0008392333984375
0.0007669925689697266
0.0011661052703857422
0.0007507801055908203
0.0011749267578125
0.0007319450378417969
0.001168966293334961
0.0008094310760498047
0.00130462646484375
0.0008151531219482422
0.001065969467163086
0.0007622241973876953
0.0012280941009521484
0.0008130073547363281
0.001065969467163086
0.0008141994476318359
0.00162506103515625
0.0007550716400146484
0.0011582374572753906
0.0008330345153808594
0.0014600753784179688
0.0007936954498291016
0.0009500980377197266
0.0007960796356201172
0.001032114028930664
0.0007910728454589844
0.0009369850158691406
0.0007748603820800781
0.0009610652923583984
0.0008080005645751953
0.0010361671447753906
0.0008161067962646484
0.0008270740509033203
0.0007879734039306641
0.0010042190551757812
0.0008831024169921875
0.0008540153503417969
0.000982046127319336
0.0008628368377685547
0.0008149147033691406
0.0011620521545410156
0.0007779598236083984
0.0010879039764404297
0.0008938312530517578
0.0010819435119628906
0.0009160041809082031
0.0011210441589355469
0.0008370876312255859
0.0010499954223632812
0.0008947849273681641
0.0010879039764404297
0.0008859634399414062
0.0008320808410644531
0.0008389949798583984
0.0010480880737304688
0.0015130043029785156
0.0010349750518798828
0.0012049674987792969
0.0007507801055908203
0.0015230178833007812
0.0007920265197753906
0.0016009807586669922
0.0009620189666748047
0.0014557838439941406
0.0007421970367431641
0.0007700920104980469
0.0008330345153808594
0.0015358924865722656
0.0007994174957275391
0.0011179447174072266
0.0009472370147705078
0.0012590885162353516
0.0008578300476074219
0.0013949871063232422
0.0007390975952148438
0.0017063617706298828
0.0007150173187255859
0.0018019676208496094
0.0007429122924804688
0.0010831356048583984
0.0008158683776855469
0.0015130043029785156
0.0008192062377929688
0.0011150836944580078
0.0007541179656982422
0.001458883285522461
0.0007481575012207031
0.0011053085327148438
0.0007429122924804688
0.0016319751739501953
0.0007758140563964844
0.0012400150299072266
0.0007519721984863281
0.001390218734741211
0.0006520748138427734
0.0012319087982177734
0.0007669925689697266
0.0008847713470458984
0.0008459091186523438
0.001653909683227539
0.0007851123809814453
0.0010402202606201172
0.0008289813995361328
0.0008409023284912109
0.0007798671722412109
0.0007660388946533203
0.0011708736419677734
0.0011081695556640625
0.0006988048553466797
0.001600027084350586
0.0015330314636230469
0.0016350746154785156
0.0006558895111083984
0.0016779899597167969
0.0006320476531982422
0.0014998912811279297
0.0007779598236083984
0.001489877700805664
0.0007429122924804688
0.0019521713256835938
0.0007982254028320312
0.0016939640045166016
0.0007860660552978516
0.0014221668243408203
0.000823974609375
0.0008769035339355469
0.0007710456848144531
0.00162506103515625
0.0007860660552978516
0.0018188953399658203
0.0007832050323486328
0.001683950424194336
0.0007700920104980469
0.0016100406646728516
0.0007150173187255859
0.001280069351196289
0.0007808208465576172
0.0010192394256591797
0.0007653236389160156
0.001146078109741211
0.0008609294891357422
0.0008502006530761719
0.0007441043853759766
0.0017387866973876953
0.0008141994476318359
0.0009999275207519531
0.0008120536804199219
0.0011630058288574219
0.0010869503021240234
0.0010449886322021484
0.0007836818695068359
0.0011701583862304688
0.0007810592651367188
0.0010638236999511719
0.0007479190826416016
0.0011379718780517578
0.0007686614990234375
0.0016908645629882812
0.0007970333099365234
0.0015609264373779297
0.0007688999176025391
0.0018451213836669922
0.0007989406585693359
0.0017480850219726562
0.0013649463653564453
0.0016210079193115234
0.0008080005645751953
0.0016598701477050781
0.0007960796356201172
0.0008649826049804688
0.0007712841033935547
0.0008270740509033203
0.0007650852203369141
0.0008540153503417969
0.0008699893951416016
0.0012290477752685547
0.0008771419525146484
0.0010008811950683594
0.0006792545318603516
0.0009069442749023438
0.0008001327514648438
0.001337289810180664
0.0007829666137695312
0.0012030601501464844
0.0011670589447021484
0.0017480850219726562
0.0007781982421875
0.0012891292572021484
0.0008080005645751953
0.0014600753784179688
0.0008287429809570312
0.0009250640869140625
0.0007853507995605469
0.0008220672607421875
0.0007989406585693359
0.0008058547973632812
0.0007817745208740234
0.000843048095703125
0.0008461475372314453
0.0009219646453857422
0.0008161067962646484
0.0010187625885009766
0.0007491111755371094
0.0009558200836181641
0.0008001327514648438
0.0007989406585693359
0.0009016990661621094
0.0011219978332519531
0.0008001327514648438
0.0010530948638916016
0.0008189678192138672
0.0012259483337402344
0.000881195068359375
0.0012390613555908203
0.0009152889251708984
0.0010707378387451172
0.0011019706726074219
0.0014030933380126953
0.001055002212524414
0.0008108615875244141
0.0015850067138671875
0.0007479190826416016
0.0011703968048095703
0.0008718967437744141
0.0010952949523925781
0.0008499622344970703
0.0015170574188232422
0.0008981227874755859
0.0015420913696289062
0.000804901123046875
0.0014951229095458984
0.0008871555328369141
0.0016331672668457031
0.0007750988006591797
0.0017292499542236328
0.0007290840148925781
0.001725912094116211
0.0008587837219238281
0.0011832714080810547
0.0007691383361816406
0.0017328262329101562
0.0007841587066650391
0.00164794921875
0.0008521080017089844
0.0016980171203613281
0.0007841587066650391
0.0014679431915283203
0.0007717609405517578
0.0013229846954345703
0.0008027553558349609
0.0008578300476074219
0.00080108642578125
0.0011138916015625
0.0008368492126464844
0.0008211135864257812
0.0007481575012207031
0.000911712646484375
0.0008230209350585938
0.0016617774963378906
0.000789642333984375
0.001058816909790039
0.0007801055908203125
0.0011758804321289062
0.0008192062377929688
0.0018239021301269531
0.0007801055908203125
0.0009629726409912109
0.0007758140563964844
0.0008449554443359375
0.0008063316345214844
0.0008912086486816406
0.0007710456848144531
0.0010459423065185547
0.0007722377777099609
0.0007762908935546875
0.0006778240203857422
0.0007789134979248047
0.0007786750793457031
0.0007119178771972656
0.0007059574127197266
0.0016140937805175781
0.0007789134979248047
0.0017180442810058594
0.0007450580596923828
0.0009410381317138672
0.0008597373962402344
0.0016758441925048828
0.0007910728454589844
0.0015003681182861328
0.0007998943328857422
0.0017800331115722656
0.00080108642578125
0.0016388893127441406
0.0007498264312744141
0.0014367103576660156
0.00080108642578125
0.0014977455139160156
0.0008101463317871094
0.0012662410736083984
0.0009207725524902344
0.0012233257293701172
0.0007870197296142578
0.0011398792266845703
0.0007669925689697266
0.0009779930114746094
0.0006687641143798828
0.0014369487762451172
0.0008001327514648438
0.0015430450439453125
0.0007719993591308594
0.001341104507446289
0.0008182525634765625
0.0011379718780517578
0.0008420944213867188
0.0011501312255859375
0.0009620189666748047
0.0013241767883300781
0.0007739067077636719
0.0013518333435058594
0.0007839202880859375
0.001313924789428711
0.00080108642578125
0.0008282661437988281
0.0007171630859375
0.0010221004486083984
0.0008099079132080078
0.0009829998016357422
0.0007791519165039062
0.0011920928955078125
0.0009489059448242188
0.001104116439819336
0.0008420944213867188
0.0012006759643554688
0.0012750625610351562
0.0017528533935546875
0.0008072853088378906
0.0009510517120361328
0.0008730888366699219
0.0010981559753417969
0.0008120536804199219
0.0012657642364501953
0.0008330345153808594
0.0014619827270507812
0.0008511543273925781
0.0011448860168457031
0.0008699893951416016
0.0013890266418457031
0.0009009838104248047
0.001149892807006836
0.0009000301361083984
0.0008759498596191406
0.0009620189666748047
0.001184225082397461
0.0009729862213134766
0.0008387565612792969
0.0009129047393798828
0.0008907318115234375
0.000993967056274414
0.0009760856628417969
0.0009458065032958984
0.0008099079132080078
0.0011029243469238281
0.0007951259613037109
0.0010342597961425781
0.000804901123046875
0.0014591217041015625
0.0008609294891357422
0.001138925552368164
0.0009033679962158203
0.0012857913970947266
0.0008068084716796875
0.0016489028930664062
0.0010609626770019531
0.0012569427490234375
0.0008039474487304688
0.0013089179992675781
0.000949859619140625
0.0008692741394042969
0.0007200241088867188
0.0014951229095458984
0.0008609294891357422
0.0016651153564453125
0.0008380413055419922
0.0016970634460449219
0.0008409023284912109
0.0017242431640625
0.0007717609405517578
0.0011332035064697266
0.0006210803985595703
0.0008227825164794922
0.000782012939453125
0.0007801055908203125
0.0007998943328857422
0.0007660388946533203
0.0007700920104980469
0.0008180141448974609
0.0006952285766601562
0.0011708736419677734
0.0008199214935302734
0.0017368793487548828
0.0016410350799560547
0.0016939640045166016
0.0008192062377929688
0.0009720325469970703
0.0007290840148925781
0.0015411376953125
0.0007088184356689453
0.0015740394592285156
0.0007421970367431641
0.0017118453979492188
0.0007948875427246094
0.0017101764678955078
0.0007851123809814453
0.0017158985137939453
0.000762939453125
0.001695871353149414
0.0007741451263427734
0.0014328956604003906
0.0007698535919189453
0.0010378360748291016
0.0007441043853759766
0.0016818046569824219
0.0008108615875244141
0.001573801040649414
0.0008130073547363281
0.0012962818145751953
0.0008437633514404297
0.0009448528289794922
0.0007469654083251953
0.0012650489807128906
0.0007810592651367188
0.0016508102416992188
0.0007879734039306641
0.0017428398132324219
0.0007789134979248047
0.001110076904296875
0.0007688999176025391
0.0016932487487792969
0.0007789134979248047
0.0017180442810058594
0.0008368492126464844
0.001683950424194336
0.0016751289367675781
0.0014889240264892578
0.0007450580596923828
0.0009453296661376953
0.0007810592651367188
0.001680135726928711
0.0007848739624023438
0.001155853271484375
0.0009260177612304688
0.0016701221466064453
0.0008120536804199219
0.0013589859008789062
0.0010790824890136719
0.0012331008911132812
0.0007600784301757812
0.0016698837280273438
0.0007808208465576172
0.0013229846954345703
0.0007441043853759766
0.0013320446014404297
0.0007998943328857422
0.0016260147094726562
0.000759124755859375
0.001065969467163086
0.0008070468902587891
0.0014030933380126953
0.0008418560028076172
0.0014891624450683594
0.0007879734039306641
0.0016970634460449219
0.0008051395416259766
0.0015270709991455078
0.0008299350738525391
0.0010290145874023438
0.0006809234619140625
0.0011467933654785156
0.0006678104400634766
0.0016531944274902344
0.0008168220520019531
0.001689910888671875
0.0007889270782470703
0.001154184341430664
0.0008037090301513672
0.0013213157653808594
0.0008559226989746094
0.0008990764617919922
0.0008230209350585938
0.0008828639984130859
0.0007810592651367188
0.0016481876373291016
0.0008172988891601562
0.0012819766998291016
0.0008027553558349609
0.001027822494506836
0.0007779598236083984
0.0009837150573730469
0.0009670257568359375
0.0011141300201416016
0.0008149147033691406
0.0008959770202636719
0.0008440017700195312
0.0012409687042236328
0.0009002685546875
0.0012280941009521484
0.0008511543273925781
0.0008502006530761719
0.0008540153503417969
0.0007789134979248047
0.0009539127349853516
0.001260995864868164
0.0008299350738525391
0.0008308887481689453
0.0009882450103759766
0.0008451938629150391
0.0015110969543457031
0.0007929801940917969
0.0008752346038818359
0.0007932186126708984
0.0009031295776367188
0.0007879734039306641
0.0013089179992675781
0.0008940696716308594
0.0017600059509277344
0.0009081363677978516
0.0018308162689208984
0.0007479190826416016
0.0008091926574707031
0.0007410049438476562
0.0018172264099121094
0.0007562637329101562
0.0011591911315917969
0.0007348060607910156
0.0014872550964355469
0.0007090568542480469
0.0014710426330566406
0.0008058547973632812
0.0016787052154541016
0.0007519721984863281
0.0016608238220214844
0.0006518363952636719
0.0016710758209228516
0.0007951259613037109
0.0011858940124511719
0.0007369518280029297
0.0012049674987792969
0.0007500648498535156
0.001088857650756836
0.0007748603820800781
0.0015480518341064453
0.0007669925689697266
0.0015079975128173828
0.0007719993591308594
0.00168609619140625
0.000762939453125
0.001161336898803711
0.0007617473602294922
0.0015461444854736328
0.0007848739624023438
0.0011057853698730469
0.0007767677307128906
0.0016977787017822266
0.0008211135864257812
0.0016741752624511719
0.0008320808410644531
0.0014810562133789062
0.0007619857788085938
0.0014541149139404297
0.0007767677307128906
0.0017037391662597656
0.0008409023284912109
0.001628875732421875
0.0007719993591308594
0.001672983169555664
0.0007691383361816406
0.001338958740234375
0.0008170604705810547
0.0014979839324951172
0.001631021499633789
0.001194000244140625
0.0007770061492919922
0.0016341209411621094
0.0007860660552978516
0.0016040802001953125
0.0007328987121582031
0.0011210441589355469
0.000759124755859375
0.0010030269622802734
0.0007817745208740234
0.0013930797576904297
0.0008418560028076172
0.0011699199676513672
0.0007889270782470703
0.0014650821685791016
0.0007658004760742188
0.001683950424194336
0.0007841587066650391
0.0011551380157470703
0.0008058547973632812
0.0012810230255126953
0.0007638931274414062
0.0011012554168701172
0.0008170604705810547
0.0010402202606201172
0.0007650852203369141
0.0008428096771240234
0.0007250308990478516
0.0014019012451171875
0.0008280277252197266
0.0011398792266845703
0.0007538795471191406
0.0012042522430419922
0.0007631778717041016
0.0017850399017333984
0.0008881092071533203
0.001127004623413086
0.0007889270782470703
0.0013740062713623047
0.0007481575012207031
0.001093149185180664
0.0007908344268798828
0.0008130073547363281
0.0008749961853027344
0.001135110855102539
0.0007867813110351562
0.0008020401000976562
0.0007879734039306641
0.0011789798736572266
0.000823974609375
0.0009520053863525391
0.0008330345153808594
0.0011799335479736328
0.0008502006530761719
0.0009188652038574219
0.0009279251098632812
0.0008857250213623047
0.0008051395416259766
0.0013968944549560547
0.0008351802825927734
0.0008530616760253906
0.0008733272552490234
0.0009860992431640625
0.0008661746978759766
0.0009748935699462891
0.0008399486541748047
0.0007889270782470703
0.001116037368774414
0.001363992691040039
0.001560211181640625
0.0007779598236083984
0.001378774642944336
0.0009751319885253906
0.0011889934539794922
0.0008790493011474609
0.0015132427215576172
0.0008733272552490234
0.0014450550079345703
0.0008797645568847656
0.0014319419860839844
0.0007762908935546875
0.0010879039764404297
0.0014629364013671875
0.0016109943389892578
0.0008530616760253906
0.0008790493011474609
0.0007479190826416016
0.0011441707611083984
0.0007910728454589844
0.001711130142211914
0.000797271728515625
0.0011560916900634766
0.000804901123046875
0.0011680126190185547
0.0008740425109863281
0.0009882450103759766
0.0008399486541748047
0.0012731552124023438
0.0006768703460693359
0.0009229183197021484
0.0008780956268310547
0.0011789798736572266
0.0007369518280029297
0.0014629364013671875
0.0007889270782470703
0.0017631053924560547
0.0007658004760742188
0.0011639595031738281
0.0008001327514648438
0.0011358261108398438
0.000782012939453125
0.0014069080352783203
0.0007770061492919922
0.00109100341796875
0.0007679462432861328
0.0012009143829345703
0.0008478164672851562
0.0012891292572021484
0.0007960796356201172
0.0012638568878173828
0.0007731914520263672
0.0012462139129638672
0.0007760524749755859
0.001210927963256836
0.0007722377777099609
0.001132965087890625
0.0007719993591308594
0.00115203857421875
0.0007889270782470703
0.001110076904296875
0.0007739067077636719
0.0015187263488769531
0.0008037090301513672
0.001138925552368164
0.00074005126953125
0.0018160343170166016
0.0007429122924804688
0.0016131401062011719
0.0007619857788085938
0.0016450881958007812
0.0007281303405761719
0.0014781951904296875
0.0021588802337646484
0.0008740425109863281
0.0007860660552978516
0.0011119842529296875
0.0007579326629638672
0.001161813735961914
0.0007758140563964844
0.00113677978515625
0.0008208751678466797
0.0009701251983642578
0.0007708072662353516
0.001111745834350586
0.0007460117340087891
0.0015959739685058594
0.0007631778717041016
0.0011408329010009766
0.0007779598236083984
0.001300811767578125
0.0007770061492919922
0.0008029937744140625
0.0006899833679199219
0.0011982917785644531
0.0007469654083251953
0.0011110305786132812
0.0007708072662353516
0.0010581016540527344
0.0007932186126708984
0.0009508132934570312
0.0008389949798583984
0.0009801387786865234
0.0009357929229736328
0.0017139911651611328
0.0007531642913818359
0.001203775405883789
0.0008449554443359375
0.0008668899536132812
0.0008320808410644531
0.0010221004486083984
0.0008151531219482422
0.0010461807250976562
0.0007779598236083984
0.001458883285522461
0.0007739067077636719
0.001194000244140625
0.0007307529449462891
0.0012011528015136719
0.0008788108825683594
0.0011970996856689453
0.0008282661437988281
0.001322031021118164
0.0008058547973632812
0.001209259033203125
0.0007398128509521484
0.0010921955108642578
0.0008792877197265625
0.0014162063598632812
0.0007448196411132812
0.0015616416931152344
0.0007331371307373047
0.0010592937469482422
0.0007979869842529297
0.0008928775787353516
0.0008177757263183594
0.0011789798736572266
0.0007801055908203125
0.0013120174407958984
0.0007970333099365234
0.0011718273162841797
0.0007648468017578125
0.0011467933654785156
0.0008399486541748047
0.001268148422241211
0.000942230224609375
0.0008699893951416016
0.0008358955383300781
0.0011401176452636719
0.0008399486541748047
0.0010209083557128906
0.0008871555328369141
0.0009222030639648438
0.0009217262268066406
0.0012061595916748047
0.0015120506286621094
0.0010800361633300781
0.0010020732879638672
0.0013058185577392578
0.0011360645294189453
0.000720977783203125
0.0015540122985839844
0.0008080005645751953
0.0014941692352294922
0.0008208751678466797
0.001547098159790039
0.0009226799011230469
0.0013930797576904297
0.0009589195251464844
0.0014798641204833984
0.0008788108825683594
0.001714944839477539
0.0007658004760742188
0.0007748603820800781
0.0009970664978027344
0.0011451244354248047
0.0009059906005859375
0.0015912055969238281
0.0008451938629150391
0.0016980171203613281
0.0006999969482421875
0.0018191337585449219
0.0007832050323486328
0.0011889934539794922
0.0007929801940917969
0.0017981529235839844
0.0007717609405517578
0.0015330314636230469
0.0007710456848144531
0.0014519691467285156
0.0007920265197753906
0.0016579627990722656
0.0008499622344970703
0.001608133316040039
0.0007588863372802734
0.0013720989227294922
0.0007443428039550781
0.001605987548828125
0.0007569789886474609
0.001631021499633789
0.0007948875427246094
0.0010349750518798828
0.0007712841033935547
0.0016090869903564453
0.0007128715515136719
0.0017001628875732422
0.0008099079132080078
0.0011091232299804688
0.0007748603820800781
0.00146484375
0.0008780956268310547
0.0016939640045166016
0.0007658004760742188
0.0011250972747802734
0.0007190704345703125
0.0016217231750488281
0.0007610321044921875
0.0009300708770751953
0.0007669925689697266
0.0011408329010009766
0.00080108642578125
0.001461029052734375
0.0007691383361816406
0.0017402172088623047
0.0007579326629638672
0.001687765121459961
0.0007700920104980469
0.0016241073608398438
0.0008461475372314453
0.0011730194091796875
0.001111745834350586
0.001249074935913086
0.0008227825164794922
0.001241922378540039
0.0007381439208984375
0.0014836788177490234
0.0008089542388916016
0.0012102127075195312
0.0008609294891357422
0.0008451938629150391
0.00080108642578125
0.0016567707061767578
0.0007832050323486328
0.0015716552734375
0.0007929801940917969
0.0008220672607421875
0.0007920265197753906
0.0011820793151855469
0.0008111000061035156
0.0012500286102294922
0.0009899139404296875
0.0012238025665283203
0.0008940696716308594
0.0009658336639404297
0.0007910728454589844
0.0009632110595703125
0.0007879734039306641
0.0008921623229980469
0.0007750988006591797
0.0016269683837890625
0.000782012939453125
0.0016338825225830078
0.0007469654083251953
0.0011909008026123047
0.0007660388946533203
0.0008759498596191406
0.0007710456848144531
0.0018341541290283203
0.0007672309875488281
0.0016541481018066406
0.0008063316345214844
0.0010361671447753906
0.0007760524749755859
0.0008878707885742188
0.0007739067077636719
0.001094818115234375
0.0007789134979248047
0.0013020038604736328
0.0007510185241699219
0.0011181831359863281
0.0009379386901855469
0.00119781494140625
0.0009427070617675781
0.0016388893127441406
0.0008060932159423828
0.001310110092163086
0.0008857250213623047
0.0009551048278808594
0.0007688999176025391
0.0017468929290771484
0.0008487701416015625
0.0009400844573974609
0.0008912086486816406
0.001283884048461914
0.0008730888366699219
0.0010039806365966797
0.0008549690246582031
0.0009627342224121094
0.0007848739624023438
0.0011568069458007812
0.0012671947479248047
0.0008602142333984375
0.0008909702301025391
0.001007080078125
0.0009281635284423828
0.0008671283721923828
0.0009350776672363281
0.0008759498596191406
0.0016350746154785156
0.0008950233459472656
0.0011184215545654297
0.0009732246398925781
0.001714944839477539
0.0008890628814697266
0.0017142295837402344
0.0007479190826416016
0.0017199516296386719
0.0007598400115966797
0.0013000965118408203
0.0007488727569580078
0.0017158985137939453
0.0007429122924804688
0.0014050006866455078
0.0007202625274658203
0.0015490055084228516
0.0007860660552978516
0.0014190673828125
0.0007989406585693359
0.0016360282897949219
0.0006799697875976562
0.0015101432800292969
