0.0011768341064453125
0.1051630973815918
0.2088909149169922
0.3097071647644043
0.412308931350708
0.5171048641204834
0.6228060722351074
0.7274272441864014
0.8283078670501709
0.9333071708679199
1.039551019668579
1.143672227859497
1.2500178813934326
1.3527038097381592
1.4576680660247803
1.5629870891571045
1.6664650440216064
1.768146276473999
1.8739020824432373
1.977719783782959
2.0822010040283203
2.1830830574035645
2.285230875015259
2.38923716545105
2.4918830394744873
2.593791961669922
2.697056770324707
2.801323652267456
2.9051899909973145
3.010254144668579
3.113049030303955
3.2171149253845215
3.322044849395752
3.4264278411865234
3.5276899337768555
3.6322429180145264
3.7370059490203857
3.8417258262634277
3.945720911026001
4.05121374130249
4.152811050415039
4.257101058959961
4.35889196395874
4.463834047317505
4.568955183029175
4.674344062805176
4.778986930847168
4.88374924659729
4.988349914550781
5.091478109359741
5.194097995758057
5.298986911773682
5.4035561084747314
5.507634878158569
5.612323760986328
5.717781066894531
5.821595907211304
5.923906087875366
6.026770830154419
6.131582021713257
6.2339019775390625
6.3388707637786865
6.441709995269775
6.5472190380096436
6.650083303451538
3.4350099563598633
3.5376062393188477
3.6380839347839355
3.7435200214385986
3.846398115158081
3.951312780380249
4.05316686630249
4.155484914779663
4.260993957519531
4.361655950546265
4.465986013412476
4.569002866744995
4.673004150390625
4.778199911117554
4.881796836853027
4.98702597618103
5.088962078094482
5.19446873664856
5.297802925109863
5.403140068054199
5.507450103759766
5.611308813095093
5.714080810546875
5.818620204925537
5.92108416557312
6.024875164031982
6.12952184677124
6.234837055206299
6.340257883071899
6.445749998092651
6.549428939819336
6.653426885604858
3.4315168857574463
3.5359718799591064
3.6404640674591064
3.7456657886505127
3.849273204803467
3.9532470703125
4.0556299686431885
4.159295082092285
4.260433912277222
4.3615100383758545
4.464462995529175
4.567590951919556
4.672971963882446
4.777994394302368
4.881673812866211
4.983726978302002
5.088385105133057
5.191275119781494
5.292837858200073
5.397984981536865
5.502129077911377
5.60739803314209
5.71222710609436
5.817601919174194
5.918579816818237
6.023513078689575
6.128255128860474
6.23210072517395
6.337006092071533
6.439779043197632
6.543209791183472
6.648721933364868
3.43041729927063
3.5358378887176514
3.639075994491577
3.7426459789276123
3.8451380729675293
3.950411081314087
4.052647829055786
4.155708074569702
4.261394262313843
4.362592935562134
4.467948913574219
4.5734241008758545
4.677446126937866
4.782785177230835
4.885052919387817
4.9894280433654785
5.094022274017334
5.195178985595703
5.300386667251587
5.40580415725708
5.510406017303467
5.6148762702941895
5.71738600730896
5.821245193481445
5.925058126449585
6.027333974838257
6.132488012313843
6.233446836471558
6.33650016784668
6.441976070404053
6.545653820037842
6.649653911590576
3.4331748485565186
3.5368521213531494
3.6411008834838867
3.743968963623047
3.846418857574463
3.951143980026245
4.0543060302734375
4.1573052406311035
4.261270046234131
4.365455150604248
4.46867299079895
4.573709011077881
4.678861856460571
4.781750917434692
4.882930755615234
4.987864971160889
5.09287691116333
5.19642186164856
5.301554918289185
5.405405044555664
5.51078987121582
5.611583948135376
5.715814113616943
5.820266008377075
5.923638105392456
6.0277111530303955
6.13188099861145
6.236285924911499
6.340699195861816
6.445436954498291
6.549921035766602
6.653979301452637
3.4325408935546875
3.536404848098755
3.641029119491577
3.744959831237793
3.8495841026306152
3.9525229930877686
4.0545971393585205
4.158233880996704
4.262552738189697
4.364418029785156
4.468605995178223
4.572690010070801
4.677213907241821
4.7815399169921875
4.884767055511475
4.986939907073975
5.090011835098267
5.193218946456909
5.297468900680542
5.4008448123931885
5.5042901039123535
5.609284162521362
5.714131832122803
5.816915988922119
5.921422004699707
6.0266759395599365
6.129132032394409
6.233097076416016
6.337669134140015
6.442923069000244
6.546331882476807
6.649954080581665
3.427804946899414
3.53108286857605
3.636329174041748
3.7412970066070557
3.846404790878296
3.9511191844940186
4.0540759563446045
4.157656192779541
4.26025390625
4.362761974334717
4.467725038528442
4.572438955307007
4.676419019699097
4.781604766845703
4.885047912597656
4.9902870655059814
5.095330238342285
5.199135780334473
5.304291248321533
5.409053802490234
5.513622045516968
5.617663145065308
5.722681283950806
5.825246810913086
5.929895877838135
6.035362958908081
6.1375651359558105
6.241495847702026
6.343616008758545
6.448288917541504
6.553790807723999
