0.0010080337524414062
0.10551977157592773
0.20880889892578125
0.3143930435180664
0.41547417640686035
0.5196919441223145
0.6214199066162109
0.7242298126220703
0.8301870822906494
0.9346790313720703
1.0377848148345947
1.1405799388885498
1.2451081275939941
1.348365068435669
1.4535601139068604
1.5590949058532715
1.6624791622161865
1.7674670219421387
1.873744010925293
1.9790902137756348
2.082421064376831
2.186044931411743
2.290302038192749
2.394580841064453
2.498382806777954
2.602202892303467
2.704832077026367
2.807129144668579
2.912182092666626
3.0143580436706543
3.1182961463928223
3.2236850261688232
3.3287618160247803
3.433314085006714
3.536729097366333
3.6419010162353516
3.7454469203948975
3.8485138416290283
3.95387601852417
4.055905818939209
4.161243915557861
4.266561031341553
4.371901273727417
4.473517656326294
4.578948974609375
4.684267044067383
4.787480115890503
4.890903949737549
4.993669033050537
5.098729848861694
5.204051971435547
5.305742025375366
5.409854888916016
5.5149149894714355
5.61749792098999
5.719902992248535
5.8220930099487305
5.926367998123169
6.029527902603149
6.135066747665405
6.237931966781616
6.342126846313477
6.447480916976929
6.551760911941528
6.655225992202759
3.433573007583618
3.5369582176208496
3.6408700942993164
3.7455811500549316
3.8494439125061035
3.9513368606567383
4.053046941757202
4.156851053237915
4.26124906539917
4.365525960922241
4.469093084335327
4.5732622146606445
4.676673889160156
4.781613111495972
4.886581897735596
4.9918739795684814
5.095009088516235
5.1962571144104
5.301223993301392
5.402596950531006
5.504852056503296
5.608702898025513
5.713331937789917
5.817338943481445
5.92206883430481
6.0249950885772705
6.127387046813965
6.231526851654053
6.336545944213867
6.4410388469696045
6.545480966567993
6.649640798568726
9.321161031723022
9.425124883651733
9.527610063552856
9.630299806594849
9.734177827835083
9.839172840118408
9.942893028259277
10.045692920684814
10.148373126983643
10.250844955444336
10.352520942687988
10.454094886779785
10.559108018875122
10.662777185440063
10.766849040985107
10.869261980056763
10.972389936447144
11.073860883712769
11.178653955459595
11.282877922058105
11.38371205329895
11.485402822494507
11.58854603767395
11.69259524345398
11.794973850250244
11.899178981781006
12.002593994140625
12.107065200805664
12.20891523361206
12.312177896499634
12.416630744934082
12.520575046539307
9.30478310585022
9.407356977462769
9.509371995925903
9.614951848983765
9.720240831375122
9.825737953186035
9.931217908859253
10.0367910861969
10.139842987060547
10.244616031646729
10.349232196807861
10.454789876937866
10.559839248657227
10.664042949676514
10.768845081329346
10.872385025024414
10.97681713104248
11.080085039138794
11.184927940368652
11.288663148880005
11.393893003463745
11.498154163360596
11.60234022140503
11.704998970031738
11.80862307548523
11.913856983184814
12.016455888748169
12.121138334274292
12.226366996765137
12.328780174255371
12.433788061141968
12.538793087005615
3.444546699523926
3.5474658012390137
3.6500186920166016
3.7543931007385254
3.8586809635162354
3.964059829711914
4.069089889526367
4.17226505279541
4.2732508182525635
4.3745949268341064
4.480193138122559
4.5843377113342285
4.68825888633728
4.792939186096191
4.89717698097229
5.002168655395508
5.104496955871582
5.207196950912476
5.307964086532593
5.414891004562378
5.520421028137207
5.6247570514678955
5.729084253311157
5.830697059631348
5.934165954589844
6.036441802978516
6.141106843948364
6.2450597286224365
6.350419998168945
6.455071926116943
6.559255123138428
6.6634087562561035
3.432063102722168
3.536604166030884
3.6405282020568848
3.743528127670288
3.8483469486236572
3.9503540992736816
4.053016901016235
4.156574964523315
4.261914968490601
4.366870164871216
4.470786094665527
4.573483228683472
4.6755530834198
4.780208110809326
4.885164022445679
4.990225791931152
5.0948920249938965
5.198528051376343
5.303739070892334
5.406445741653442
5.511704921722412
5.615514039993286
5.719564199447632
5.8251237869262695
5.930257081985474
6.0346081256866455
6.139895915985107
6.241451978683472
6.346663951873779
6.448047876358032
6.552508115768433
6.657253980636597
3.439507007598877
3.5441410541534424
3.6463470458984375
3.7494289875030518
3.8539061546325684
3.958188056945801
4.060638904571533
4.165590047836304
4.268571138381958
4.373045921325684
4.475409984588623
4.57945990562439
4.684909105300903
4.789199113845825
4.892729043960571
4.99774694442749
5.101829767227173
5.205497741699219
5.309968948364258
5.41405177116394
5.516096115112305
5.621483087539673
5.7247209548950195
5.8301842212677
5.933110952377319
6.037616968154907
6.140733003616333
6.246224880218506
6.350377082824707
6.453822374343872
6.559453964233398
