0.001104116439819336
0.10595083236694336
0.20912694931030273
0.31382203102111816
0.4184699058532715
0.5217359066009521
0.6256368160247803
0.7299728393554688
0.8319461345672607
0.9376058578491211
1.041255235671997
1.1456329822540283
1.247960090637207
1.3535387516021729
1.4573109149932861
1.563100814819336
1.6678519248962402
1.7735130786895752
1.8773808479309082
1.9813971519470215
2.086219072341919
2.189671277999878
2.2946507930755615
2.3997440338134766
2.5022189617156982
2.606689929962158
2.7113938331604004
2.81278395652771
2.916002035140991
3.020035982131958
3.122990846633911
3.2283589839935303
3.3306069374084473
3.4345829486846924
3.535700798034668
3.6388838291168213
3.7424919605255127
3.846449375152588
3.9474830627441406
4.050957918167114
4.153966903686523
4.257014036178589
4.3625099658966064
4.466113090515137
4.5701539516448975
4.674648761749268
4.780007839202881
4.883034944534302
4.986310958862305
5.09063196182251
5.194897174835205
5.2962868213653564
5.40093207359314
5.5024189949035645
5.606611967086792
5.710966110229492
5.815489768981934
5.919939041137695
6.024418592453003
6.128763914108276
6.234300851821899
6.338137149810791
6.443448066711426
6.54838490486145
6.652395725250244
3.4288201332092285
3.5333409309387207
3.6378679275512695
3.7419121265411377
3.8460710048675537
3.9508049488067627
4.052839040756226
4.156816005706787
4.261358022689819
4.365256071090698
4.467386960983276
4.572848796844482
4.678012847900391
4.782951831817627
4.885442733764648
4.989076852798462
5.093601226806641
5.198997974395752
5.304246187210083
5.40909481048584
5.512284755706787
5.617769002914429
5.7223219871521
5.825343132019043
5.928208112716675
6.0291829109191895
6.133858919143677
6.239207029342651
6.344011068344116
6.44748592376709
6.550304889678955
6.653679132461548
3.435927152633667
3.5390138626098633
3.644507884979248
3.7493131160736084
3.8547122478485107
3.9574809074401855
4.060723304748535
4.165024280548096
4.268118619918823
4.370681047439575
4.47621488571167
4.580354928970337
4.684378147125244
4.787470817565918
4.8930840492248535
4.998554944992065
5.100906133651733
5.205747127532959
5.309085845947266
5.4146270751953125
5.5201499462127686
5.625617980957031
5.726790189743042
5.829916000366211
5.932931184768677
6.037760019302368
6.142136096954346
6.245159864425659
6.35054087638855
6.453763008117676
6.55776309967041
6.659681081771851
3.4346091747283936
3.538900852203369
3.642087936401367
3.747079372406006
3.8509209156036377
3.955659866333008
4.059543132781982
4.1632020473480225
4.267621994018555
4.371954917907715
4.472575902938843
4.575278997421265
4.679126977920532
4.780772924423218
4.884351968765259
4.989105939865112
5.089847087860107
5.195220947265625
5.299185752868652
5.403778076171875
5.504921197891235
5.606160879135132
5.711169958114624
5.814371109008789
5.919759750366211
6.025003910064697
6.128614187240601
6.231328010559082
6.33599066734314
6.439159870147705
6.543564081192017
6.64659309387207
3.425351858139038
3.528869152069092
3.6327569484710693
3.738024950027466
3.842967987060547
3.948330879211426
4.0516579151153564
4.1534647941589355
4.257619142532349
4.36128306388855
4.465119123458862
4.5675787925720215
4.671947002410889
4.7762837409973145
4.881867170333862
4.986745119094849
5.089808940887451
5.193223237991333
5.2974629402160645
5.401361703872681
5.50591516494751
5.609763145446777
5.71487283706665
5.817514181137085
5.921932220458984
6.025979280471802
6.129909038543701
6.2335710525512695
6.33781099319458
6.442082166671753
6.543984889984131
6.648802042007446
3.437972068786621
3.5428268909454346
3.6459879875183105
3.750391960144043
3.853226900100708
3.9577667713165283
4.061919927597046
4.166595220565796
4.269765138626099
4.375023126602173
4.480350017547607
4.582728862762451
4.685708999633789
4.791198253631592
4.894737958908081
4.998898029327393
5.103571891784668
5.20897364616394
5.312938928604126
5.415018081665039
5.518674850463867
5.62360405921936
5.728019952774048
5.832273006439209
5.935168981552124
6.039794921875
6.143395662307739
6.247471809387207
6.351027250289917
6.455956935882568
6.557868242263794
6.6595282554626465
3.4341797828674316
3.5347089767456055
3.6380441188812256
3.7423958778381348
3.84768009185791
3.9506609439849854
4.0551598072052
4.15916895866394
4.2638349533081055
4.369044065475464
4.471409797668457
4.575805902481079
4.680877208709717
4.783315896987915
4.887595891952515
4.989843130111694
5.094902038574219
5.197704076766968
5.299014091491699
5.403676986694336
5.505075216293335
5.608152866363525
5.7122108936309814
5.815062046051025
5.919733047485352
6.024448871612549
6.1287641525268555
6.231077194213867
6.335955858230591
6.4408159255981445
6.5463950634002686
