0.001039743423461914
0.10532140731811523
0.20827722549438477
0.31299519538879395
0.41664719581604004
0.5214910507202148
0.6245560646057129
0.7291431427001953
0.8303070068359375
0.9363288879394531
1.0390558242797852
1.1403841972351074
1.2450320720672607
1.3488349914550781
1.4531888961791992
1.556406021118164
1.66019606590271
1.7611889839172363
1.8657808303833008
1.9702463150024414
2.0734617710113525
2.1771278381347656
2.280081033706665
2.3853392601013184
2.491122007369995
2.594179153442383
2.6970670223236084
2.801947832107544
2.9031639099121094
3.0090839862823486
3.1137380599975586
3.2180442810058594
3.3208749294281006
3.4257352352142334
3.5268120765686035
3.628883123397827
3.7305848598480225
3.8357880115509033
3.9402518272399902
4.042988061904907
4.145319938659668
4.250730037689209
4.352911710739136
4.457149028778076
4.561079978942871
4.662420272827148
4.768168926239014
4.870376348495483
4.975151062011719
5.079137802124023
5.184221982955933
5.285753011703491
5.391769886016846
5.497011184692383
5.600562810897827
5.705489158630371
5.808117866516113
5.912040948867798
6.016396999359131
6.121395826339722
6.223627090454102
6.327819108963013
6.428478956222534
6.531863689422607
6.632259845733643
3.417536973953247
3.522794008255005
3.627363920211792
3.728463888168335
3.830954074859619
3.934570074081421
4.0383620262146
4.142494201660156
4.244917869567871
4.347193002700806
4.452034950256348
4.553901195526123
4.659189939498901
4.764096975326538
4.869683027267456
4.973157167434692
5.07844090461731
5.182424068450928
5.285741090774536
5.389528036117554
5.493408679962158
5.598764896392822
5.699640989303589
5.805557012557983
5.906642198562622
6.010844945907593
6.116158962249756
6.219790935516357
6.3225789070129395
6.428287029266357
6.531601905822754
6.635738134384155
9.369552850723267
9.470773935317993
9.573057889938354
9.675494909286499
9.781521797180176
9.8855619430542
9.990579843521118
10.093502759933472
10.198440074920654
10.30230975151062
10.404292106628418
10.509674072265625
10.615307807922363
10.718351125717163
10.822379112243652
10.923257112503052
11.029325008392334
11.134331941604614
11.236637830734253
11.337494850158691
11.439601182937622
11.544522047042847
11.650061845779419
11.750834941864014
11.856882095336914
11.95963716506958
12.06204080581665
12.166969776153564
12.268726110458374
12.36947512626648
12.475580930709839
12.578155994415283
9.362401008605957
9.463758945465088
9.569700002670288
9.67568325996399
9.778534889221191
9.88234806060791
9.987559795379639
10.090273141860962
10.194059133529663
10.294605731964111
10.400010824203491
10.501198053359985
10.605847835540771
10.709689140319824
10.814927816390991
10.917434215545654
11.021292924880981
11.126399993896484
11.227832794189453
11.333142042160034
11.4392409324646
11.54175615310669
11.645571231842041
11.749262809753418
11.854055166244507
11.955515146255493
12.058254957199097
12.163086175918579
12.26671576499939
12.370054960250854
12.473663330078125
12.577354907989502
3.430662155151367
3.5352749824523926
3.6382222175598145
3.7409770488739014
3.84613299369812
3.9520602226257324
4.05473518371582
4.157607316970825
4.259545087814331
4.361799955368042
4.465264797210693
4.570493936538696
4.672447204589844
4.777724981307983
4.879043102264404
4.985119104385376
5.088644981384277
5.1927759647369385
5.2985999584198
5.4039390087127686
5.504671096801758
5.60565710067749
5.711460113525391
5.816151142120361
5.9215171337127686
6.024456024169922
6.127594947814941
6.2327728271484375
6.3359761238098145
6.44122314453125
6.543669939041138
6.648758172988892
3.4316461086273193
3.533095121383667
3.6350619792938232
3.7396981716156006
3.8413188457489014
3.946791172027588
4.047389030456543
4.150284051895142
4.254122018814087
4.355057954788208
4.457234144210815
4.562277793884277
4.668249130249023
4.770174026489258
4.872202157974243
4.978168249130249
5.081939935684204
5.185804128646851
5.291646957397461
5.393925189971924
5.49692177772522
5.601710796356201
5.7069761753082275
5.812036037445068
5.917993068695068
6.021260023117065
6.125972032546997
6.228799819946289
6.332241773605347
6.434396982192993
6.539740085601807
6.64483118057251
3.427183151245117
3.5320398807525635
3.6346027851104736
3.738553047180176
3.8445491790771484
3.9504687786102295
4.053898811340332
4.157928943634033
4.258937120437622
4.36183500289917
4.464478969573975
4.569485902786255
4.6753880977630615
4.777071952819824
4.879003047943115
4.981512069702148
5.085461854934692
5.188902854919434
5.293147802352905
5.398893117904663
5.502197980880737
5.604071855545044
5.70481014251709
5.809125900268555
5.913475036621094
6.017481088638306
6.12310004234314
6.224500894546509
6.328117847442627
6.429677963256836
6.533453941345215
