0.0012199878692626953
0.0008111000061035156
0.0008039474487304688
0.0008959770202636719
0.0008158683776855469
0.0008499622344970703
0.001499176025390625
0.0007710456848144531
0.000926971435546875
0.0008370876312255859
0.0007369518280029297
0.0008652210235595703
0.0008921623229980469
0.0008771419525146484
0.0009827613830566406
0.000949859619140625
0.0008661746978759766
0.0009000301361083984
0.0008530616760253906
0.0008978843688964844
0.0009710788726806641
0.0007948875427246094
0.0008840560913085938
0.0008492469787597656
0.0008761882781982422
0.0009200572967529297
0.0008709430694580078
0.0008649826049804688
0.0008409023284912109
0.0008831024169921875
0.0008029937744140625
0.0009081363677978516
0.0008618831634521484
0.0008862018585205078
0.0008749961853027344
0.000885009765625
0.0009398460388183594
0.0008461475372314453
0.0008788108825683594
0.0009818077087402344
0.0009860992431640625
0.001016855239868164
0.0009860992431640625
0.000926971435546875
0.0009961128234863281
0.0011451244354248047
0.0008800029754638672
0.0013189315795898438
0.0009469985961914062
0.00115203857421875
0.0008821487426757812
0.0009729862213134766
0.0009899139404296875
0.001386880874633789
0.0009038448333740234
0.0009436607360839844
0.0008890628814697266
0.0009191036224365234
0.0008571147918701172
0.0012769699096679688
0.0010862350463867188
0.0008308887481689453
0.000904083251953125
0.0010497570037841797
0.0009341239929199219
0.001155853271484375
0.0008800029754638672
0.0012080669403076172
0.0009658336639404297
0.0009648799896240234
0.000797271728515625
0.0011429786682128906
0.0009410381317138672
0.0010528564453125
0.0010046958923339844
0.0011339187622070312
0.0008568763732910156
0.0010797977447509766
0.000843048095703125
0.0008060932159423828
0.001210927963256836
0.0009648799896240234
0.0008437633514404297
0.0011568069458007812
0.0009200572967529297
0.0009508132934570312
0.0008661746978759766
0.0014989376068115234
0.0009047985076904297
0.0012478828430175781
0.0009090900421142578
0.0011489391326904297
0.0009059906005859375
0.0011610984802246094
0.0010058879852294922
0.001107931137084961
0.0008370876312255859
0.0011582374572753906
0.0009441375732421875
0.0008976459503173828
0.0008268356323242188
0.0015010833740234375
0.0008828639984130859
0.0011491775512695312
0.0009541511535644531
0.0009570121765136719
0.00096893310546875
0.0011332035064697266
0.0008609294891357422
0.0010082721710205078
0.0008878707885742188
0.0008919239044189453
0.0008308887481689453
0.0009419918060302734
0.0009620189666748047
0.0009758472442626953
0.0008800029754638672
0.0012080669403076172
0.0008552074432373047
0.0009191036224365234
0.0009229183197021484
0.0010013580322265625
0.0007989406585693359
0.0009028911590576172
0.0008749961853027344
0.001222848892211914
0.0009200572967529297
0.0011730194091796875
0.0008652210235595703
0.0008931159973144531
0.0009281635284423828
0.0009307861328125
0.0009160041809082031
0.0010411739349365234
0.0008749961853027344
0.0011801719665527344
0.0009679794311523438
0.0010259151458740234
0.000978231430053711
0.001077890396118164
0.0009541511535644531
0.0009999275207519531
0.001032114028930664
0.0009491443634033203
0.0009639263153076172
0.0010669231414794922
0.0008661746978759766
0.0009028911590576172
0.0009317398071289062
0.0008141994476318359
0.0008549690246582031
0.0008599758148193359
0.0008382797241210938
0.0008020401000976562
0.0008869171142578125
0.001188039779663086
0.0009768009185791016
0.0009701251983642578
0.0009248256683349609
0.0011818408966064453
0.0008633136749267578
0.001149892807006836
0.0012001991271972656
0.0007801055908203125
0.0009522438049316406
0.0011119842529296875
0.0008497238159179688
0.0010480880737304688
0.0009777545928955078
0.0008790493011474609
0.000949859619140625
0.0008518695831298828
0.0008289813995361328
0.0008840560913085938
0.0011680126190185547
0.0008628368377685547
0.0010311603546142578
0.0009491443634033203
0.0008859634399414062
0.0007958412170410156
0.0008969306945800781
0.0010781288146972656
0.0013439655303955078
0.0010492801666259766
0.0008437633514404297
0.0009691715240478516
0.0013890266418457031
0.0010960102081298828
0.0009467601776123047
0.0014352798461914062
0.0010001659393310547
0.0009348392486572266
0.0008749961853027344
0.0010819435119628906
0.0008687973022460938
0.000985860824584961
0.0017261505126953125
0.0011491775512695312
0.001135110855102539
0.0010709762573242188
0.0008029937744140625
0.0011792182922363281
0.0009388923645019531
0.0011980533599853516
0.0013339519500732422
0.0008759498596191406
0.0008649826049804688
0.0008740425109863281
0.0018820762634277344
0.0010492801666259766
0.0009007453918457031
0.0016758441925048828
0.0009000301361083984
0.0011830329895019531
0.0009908676147460938
0.0012500286102294922
0.0019741058349609375
0.0010218620300292969
0.0011019706726074219
0.001100778579711914
0.0014870166778564453
0.0010340213775634766
0.0019919872283935547
0.0008809566497802734
0.0009438991546630859
0.0009112358093261719
0.000949859619140625
0.0012600421905517578
0.0012960433959960938
0.0011789798736572266
0.0009739398956298828
0.0012149810791015625
0.0008008480072021484
0.0010938644409179688
0.0013730525970458984
0.0010807514190673828
0.0009338855743408203
0.0010581016540527344
0.0009627342224121094
0.0008330345153808594
0.0008480548858642578
0.0011098384857177734
0.0008840560913085938
0.0009710788726806641
0.001024007797241211
0.0008668899536132812
0.0012660026550292969
0.0009009838104248047
0.0009098052978515625
0.0011801719665527344
0.0010581016540527344
0.0011441707611083984
0.000885009765625
0.0009729862213134766
0.0008969306945800781
0.0009400844573974609
0.001466989517211914
0.0009949207305908203
0.001129150390625
0.0010020732879638672
0.0014777183532714844
0.0009851455688476562
0.0008881092071533203
0.0012011528015136719
0.0011970996856689453
0.0011639595031738281
0.0009431838989257812
0.0011608600616455078
0.0011420249938964844
0.0009217262268066406
0.0009889602661132812
0.0009641647338867188
0.0008559226989746094
0.0009629726409912109
0.0017712116241455078
0.0012009143829345703
0.0009121894836425781
0.0009262561798095703
0.0012788772583007812
0.0011141300201416016
0.0010981559753417969
0.0009870529174804688
0.0012369155883789062
0.000926971435546875
0.0013997554779052734
0.0016779899597167969
0.0011601448059082031
0.0012278556823730469
0.0014247894287109375
0.0011429786682128906
0.0008828639984130859
0.0009570121765136719
0.0011959075927734375
0.0011439323425292969
0.0009748935699462891
0.0011529922485351562
0.0012557506561279297
0.0009419918060302734
0.0008478164672851562
0.0011899471282958984
0.0015001296997070312
0.001222848892211914
0.0011637210845947266
0.0011508464813232422
0.0012040138244628906
0.0012469291687011719
0.0014712810516357422
0.0009169578552246094
0.0009100437164306641
0.0008981227874755859
0.0008900165557861328
0.0009808540344238281
0.0008246898651123047
0.0012431144714355469
0.0016551017761230469
0.001146078109741211
0.0008590221405029297
0.0009768009185791016
0.0015571117401123047
0.0009391307830810547
0.0017371177673339844
0.0009989738464355469
0.000990152359008789
0.001165151596069336
0.0017726421356201172
0.0010843276977539062
0.000965118408203125
0.0010020732879638672
0.0014460086822509766
0.0011179447174072266
0.001438140869140625
0.001255035400390625
0.0007848739624023438
0.0009140968322753906
0.0017850399017333984
0.0011527538299560547
0.0012052059173583984
0.001149892807006836
0.0008928775787353516
0.001123189926147461
0.0012822151184082031
0.0009458065032958984
0.0008320808410644531
0.001132965087890625
0.0015921592712402344
0.0012230873107910156
0.0015339851379394531
0.0010638236999511719
0.0009410381317138672
0.0009112358093261719
0.0009500980377197266
0.0009160041809082031
0.0015249252319335938
0.001100778579711914
0.0008666515350341797
0.0009808540344238281
0.001592874526977539
0.0011229515075683594
0.0009860992431640625
0.0010306835174560547
0.000985860824584961
0.0010371208190917969
0.0012359619140625
0.0009279251098632812
0.0011548995971679688
0.0011749267578125
0.0013399124145507812
0.0009570121765136719
0.000843048095703125
0.0011739730834960938
0.000926971435546875
0.00164794921875
0.001439809799194336
0.0011289119720458984
0.0012328624725341797
0.0010211467742919922
0.0009319782257080078
0.0011301040649414062
0.0008497238159179688
0.0017158985137939453
0.0012919902801513672
0.001196146011352539
0.0008568763732910156
0.0015418529510498047
0.0015747547149658203
0.0009751319885253906
0.0008389949798583984
0.0012209415435791016
0.0015916824340820312
0.0013949871063232422
0.0015926361083984375
0.0011289119720458984
0.0009210109710693359
0.0011670589447021484
0.0009479522705078125
0.0010068416595458984
0.0008230209350585938
0.0008146762847900391
0.0009310245513916016
0.0012028217315673828
0.0012271404266357422
0.0009648799896240234
0.0008471012115478516
0.0010340213775634766
0.0009160041809082031
0.0011508464813232422
0.0008819103240966797
0.0010807514190673828
0.0014121532440185547
0.0009629726409912109
0.0008702278137207031
0.001148223876953125
0.0014529228210449219
0.0009438991546630859
0.0009081363677978516
0.0010039806365966797
0.0008559226989746094
0.0011258125305175781
0.0011489391326904297
0.001135110855102539
0.0016362667083740234
0.0012879371643066406
0.00154876708984375
0.0010120868682861328
0.0008738040924072266
0.0011658668518066406
0.001039743423461914
0.0009808540344238281
0.0011789798736572266
0.0009260177612304688
0.0016329288482666016
0.0012400150299072266
0.0009121894836425781
0.001194000244140625
0.0014350414276123047
0.0012700557708740234
0.0010700225830078125
0.0009479522705078125
0.0010998249053955078
0.0011441707611083984
0.00160980224609375
0.0011408329010009766
0.0009219646453857422
0.0011529922485351562
0.0012590885162353516
0.0011582374572753906
0.0014719963073730469
0.0017669200897216797
0.0016379356384277344
0.001088857650756836
0.0008740425109863281
0.0009450912475585938
0.0008971691131591797
0.0009169578552246094
0.0011358261108398438
0.001203775405883789
0.0010139942169189453
0.00115203857421875
0.0010919570922851562
0.000972747802734375
0.0007958412170410156
0.0011339187622070312
0.0020117759704589844
0.0011761188507080078
0.0012149810791015625
0.0011188983917236328
0.000990152359008789
0.0010259151458740234
0.0009160041809082031
0.00121307373046875
0.001531839370727539
0.0011088848114013672
0.0008511543273925781
0.000972747802734375
0.001096963882446289
0.0012209415435791016
0.001219034194946289
0.0011930465698242188
0.0013911724090576172
0.0011250972747802734
0.0009450912475585938
0.0011599063873291016
0.0009179115295410156
0.0009260177612304688
0.0008358955383300781
0.0011739730834960938
0.0008740425109863281
0.0015261173248291016
0.0012848377227783203
0.0010938644409179688
0.0008449554443359375
0.0013151168823242188
0.0016949176788330078
0.0014200210571289062
0.0009560585021972656
0.0012328624725341797
0.0009779930114746094
0.0011959075927734375
0.0009198188781738281
0.0010039806365966797
0.0008561611175537109
0.0013048648834228516
0.0014178752899169922
0.0012421607971191406
0.0010061264038085938
0.001191854476928711
0.0009558200836181641
0.0011649131774902344
0.0009350776672363281
0.0011868476867675781
0.0013539791107177734
0.0012350082397460938
0.0009253025054931641
0.0018439292907714844
0.0011417865753173828
0.001432180404663086
0.001049041748046875
0.0012149810791015625
0.0013561248779296875
0.0011959075927734375
0.0008950233459472656
0.0014019012451171875
0.0014150142669677734
0.0008170604705810547
0.000843048095703125
0.0008218288421630859
0.0010309219360351562
0.0008339881896972656
0.0008149147033691406
0.0007946491241455078
0.0008990764617919922
0.0010161399841308594
0.0012297630310058594
0.0010631084442138672
0.0008950233459472656
0.0011210441589355469
0.0009589195251464844
0.0008070468902587891
0.0008389949798583984
0.001112222671508789
0.0008211135864257812
0.0012438297271728516
0.0015680789947509766
0.0008909702301025391
0.0008482933044433594
0.0007660388946533203
0.0009188652038574219
0.0008490085601806641
0.0008499622344970703
0.0008072853088378906
0.0008132457733154297
0.0009407997131347656
0.0009660720825195312
0.0009410381317138672
0.0008740425109863281
0.0012531280517578125
0.001178741455078125
0.0012307167053222656
0.001360177993774414
0.0010018348693847656
0.0011658668518066406
0.001149892807006836
0.0009601116180419922
0.0011870861053466797
0.0008299350738525391
0.0011279582977294922
0.0008199214935302734
0.000946044921875
0.000782012939453125
0.001049041748046875
0.0010528564453125
0.001178741455078125
0.0009369850158691406
0.001194000244140625
0.0008718967437744141
0.0010030269622802734
0.0009541511535644531
0.0015821456909179688
0.0009748935699462891
0.0011599063873291016
0.0009698867797851562
0.0012450218200683594
0.001013040542602539
0.0011751651763916016
0.0009007453918457031
0.0008780956268310547
0.001241922378540039
0.0011658668518066406
0.0008590221405029297
0.0011229515075683594
0.0010831356048583984
0.0011358261108398438
0.0012128353118896484
0.0011928081512451172
0.0008521080017089844
0.0011749267578125
0.0011219978332519531
0.0011820793151855469
0.0008108615875244141
0.0007808208465576172
0.0009620189666748047
0.0011658668518066406
0.0009200572967529297
0.0011010169982910156
0.0009567737579345703
0.0012407302856445312
0.0013120174407958984
0.0011839866638183594
0.0011131763458251953
0.001116037368774414
0.001027822494506836
0.0010290145874023438
0.0008249282836914062
0.001020193099975586
0.0008399486541748047
0.0011348724365234375
0.0012519359588623047
0.0010619163513183594
0.0010428428649902344
0.0009610652923583984
0.0009808540344238281
0.0009601116180419922
0.0010221004486083984
0.0008869171142578125
0.001058816909790039
0.0008759498596191406
0.0009748935699462891
0.001600027084350586
0.0011851787567138672
0.0009353160858154297
0.0010747909545898438
0.0009789466857910156
0.0011610984802246094
0.0010402202606201172
0.0009369850158691406
0.0009601116180419922
0.0008440017700195312
0.0010290145874023438
0.0009019374847412109
0.0009109973907470703
0.0009641647338867188
0.0009400844573974609
0.0010190010070800781
0.0010378360748291016
0.0008330345153808594
0.0008840560913085938
0.0011789798736572266
0.0009717941284179688
0.0009658336639404297
0.0009012222290039062
0.0008790493011474609
0.0009760856628417969
0.0008199214935302734
0.0013909339904785156
0.001104116439819336
0.0008900165557861328
0.0011949539184570312
0.0009708404541015625
0.0009288787841796875
0.0009102821350097656
0.001132965087890625
0.0008330345153808594
0.0009310245513916016
0.0008761882781982422
0.001291036605834961
0.0008821487426757812
0.0009527206420898438
0.0008609294891357422
0.001138925552368164
0.0011200904846191406
0.0012023448944091797
0.000904083251953125
0.0013051033020019531
0.0008568763732910156
0.0012180805206298828
0.0014221668243408203
0.0012879371643066406
0.0008718967437744141
0.001013040542602539
0.0014111995697021484
0.0008800029754638672
0.0009031295776367188
0.0008187294006347656
0.0008738040924072266
0.0009920597076416016
0.0011401176452636719
0.0010440349578857422
0.0008771419525146484
0.0009291172027587891
0.0013408660888671875
0.0009548664093017578
0.0008919239044189453
0.0009222030639648438
0.0015480518341064453
0.0009350776672363281
0.0009191036224365234
0.0011723041534423828
0.0008718967437744141
0.0010640621185302734
0.0009069442749023438
0.0008809566497802734
0.0012252330780029297
0.0011432170867919922
0.0014138221740722656
0.0009579658508300781
0.0010390281677246094
0.0012409687042236328
0.0011420249938964844
0.000946044921875
0.0009169578552246094
0.0012040138244628906
0.0009140968322753906
0.0009019374847412109
0.0008962154388427734
0.0010368824005126953
0.0010221004486083984
0.0011878013610839844
0.0009200572967529297
0.0009617805480957031
0.0009379386901855469
0.0008759498596191406
0.0008842945098876953
0.0011239051818847656
0.0008649826049804688
0.0010309219360351562
0.0009059906005859375
0.0011992454528808594
0.0009341239929199219
0.0011179447174072266
0.0009291172027587891
0.0011551380157470703
0.000982046127319336
0.0009419918060302734
0.0009539127349853516
0.00119781494140625
0.0009360313415527344
0.0012319087982177734
0.00092315673828125
0.0011959075927734375
0.0010380744934082031
0.0011980533599853516
0.0008859634399414062
0.000926971435546875
0.0009870529174804688
0.0010328292846679688
0.0009019374847412109
0.0012619495391845703
0.0009312629699707031
0.0010499954223632812
0.0009000301361083984
0.0010399818420410156
0.0008800029754638672
0.0010368824005126953
0.0008761882781982422
0.0009407997131347656
0.0008509159088134766
0.0013768672943115234
0.0008900165557861328
0.0009458065032958984
0.0008821487426757812
0.0012540817260742188
0.0009379386901855469
0.001196146011352539
0.000926971435546875
0.0011529922485351562
0.0008509159088134766
0.0017158985137939453
0.0009217262268066406
0.0009670257568359375
0.0009829998016357422
0.001361846923828125
0.0011470317840576172
0.0011801719665527344
0.0016651153564453125
0.0009195804595947266
0.0012700557708740234
0.0015869140625
0.0009410381317138672
0.0011701583862304688
0.0013308525085449219
0.0011897087097167969
0.0008242130279541016
0.0014090538024902344
0.0008518695831298828
0.0016760826110839844
0.001049041748046875
0.0008459091186523438
0.0010688304901123047
0.0009591579437255859
0.0008299350738525391
0.0011641979217529297
0.0014538764953613281
0.0012269020080566406
0.0009310245513916016
0.0010309219360351562
0.0008358955383300781
0.0009400844573974609
0.0010571479797363281
0.0011799335479736328
0.0008628368377685547
0.0009739398956298828
0.0008420944213867188
0.000946044921875
0.0007660388946533203
0.0008640289306640625
0.0009160041809082031
0.0011088848114013672
0.0008151531219482422
0.0012090206146240234
0.0015301704406738281
0.0014998912811279297
0.0009169578552246094
0.001009225845336914
0.0009028911590576172
0.0011472702026367188
0.0008738040924072266
0.0009539127349853516
0.001026153564453125
0.0011301040649414062
0.0009169578552246094
0.0017330646514892578
0.0008590221405029297
0.0012171268463134766
0.0008928775787353516
0.0012161731719970703
0.0009160041809082031
0.0009419918060302734
0.0008902549743652344
0.0012898445129394531
0.0008728504180908203
0.0011920928955078125
0.0008060932159423828
0.0008890628814697266
0.0008392333984375
0.0016126632690429688
0.0008618831634521484
0.0012443065643310547
0.0008161067962646484
0.0014309883117675781
0.0008177757263183594
0.0013489723205566406
0.0009241104125976562
0.000946044921875
0.001032114028930664
0.001165151596069336
0.0008580684661865234
0.0011372566223144531
0.0008916854858398438
0.0011610984802246094
0.0008618831634521484
0.0011830329895019531
0.0008788108825683594
0.0009479522705078125
0.0008039474487304688
0.0016167163848876953
0.0008990764617919922
0.0017237663269042969
0.00086212158203125
0.0010559558868408203
0.0009191036224365234
0.0011539459228515625
0.0008819103240966797
0.0010340213775634766
0.0008521080017089844
0.0011572837829589844
0.0008909702301025391
0.0008068084716796875
0.0008819103240966797
0.0011088848114013672
0.0009729862213134766
0.0012180805206298828
0.0008859634399414062
0.0009789466857910156
0.0008571147918701172
0.0015058517456054688
0.0008549690246582031
0.0011610984802246094
0.0009047985076904297
0.001190185546875
0.0009682178497314453
0.001004934310913086
0.0008060932159423828
0.00115203857421875
0.0008950233459472656
0.0013320446014404297
0.0009899139404296875
0.001508951187133789
0.0008459091186523438
0.0009489059448242188
0.0009050369262695312
0.0008988380432128906
0.0008299350738525391
0.0016870498657226562
0.0008001327514648438
0.0022530555725097656
0.0009200572967529297
0.001107931137084961
0.0008728504180908203
0.0014569759368896484
0.0008823871612548828
0.001130819320678711
0.0010771751403808594
0.0011310577392578125
0.0008351802825927734
0.0011830329895019531
0.0008769035339355469
0.0015790462493896484
0.0008358955383300781
0.0009028911590576172
0.0009279251098632812
0.0009610652923583984
0.0008537769317626953
0.0016057491302490234
0.0008649826049804688
0.0011401176452636719
0.000904083251953125
0.0012340545654296875
0.0009031295776367188
0.0015709400177001953
0.0008940696716308594
0.0011858940124511719
0.0008130073547363281
0.0014500617980957031
0.0008487701416015625
0.0017690658569335938
0.0008819103240966797
0.0012238025665283203
0.0008502006530761719
0.000982046127319336
0.0009310245513916016
0.0017099380493164062
0.0008771419525146484
0.001230001449584961
0.0009148120880126953
0.0017070770263671875
0.0008912086486816406
0.0010099411010742188
0.0010540485382080078
0.0008580684661865234
0.000911712646484375
0.0009341239929199219
0.0008890628814697266
0.0010459423065185547
0.0008740425109863281
0.0012497901916503906
0.0009298324584960938
0.0011568069458007812
0.0008652210235595703
0.0012767314910888672
0.000827789306640625
0.0010528564453125
0.0009868144989013672
0.0012469291687011719
0.0008919239044189453
0.0011849403381347656
0.0008792877197265625
0.0009937286376953125
0.0009469985961914062
0.0010378360748291016
0.0008940696716308594
0.0015060901641845703
0.000904083251953125
0.0013689994812011719
0.0008449554443359375
0.00156402587890625
0.0008671283721923828
0.0009229183197021484
0.0008733272552490234
0.0014319419860839844
0.0009071826934814453
0.0011699199676513672
0.0008308887481689453
0.0008549690246582031
0.0008859634399414062
0.0014390945434570312
0.0008938312530517578
0.0012230873107910156
0.0008409023284912109
0.001667022705078125
0.0009069442749023438
0.0011489391326904297
0.0009448528289794922
0.001377105712890625
0.0008220672607421875
0.0010330677032470703
0.0008509159088134766
0.0011780261993408203
0.0008890628814697266
0.0015442371368408203
0.000865936279296875
0.0009908676147460938
0.0009508132934570312
0.000965118408203125
0.0008907318115234375
0.0011899471282958984
0.0008461475372314453
0.0014081001281738281
0.0008933544158935547
0.0017268657684326172
0.0008161067962646484
0.0012087821960449219
0.00098419189453125
0.001317739486694336
0.0010292530059814453
0.0009031295776367188
0.0008099079132080078
0.001165151596069336
0.0011038780212402344
0.0016949176788330078
0.0008950233459472656
0.0015151500701904297
0.0009200572967529297
0.0009109973907470703
0.0008788108825683594
0.0012469291687011719
0.0008749961853027344
0.0013446807861328125
0.0012187957763671875
0.0011293888092041016
0.000926971435546875
0.0011067390441894531
0.0008609294891357422
0.0019388198852539062
0.0008518695831298828
0.001207113265991211
0.0009348392486572266
0.0017209053039550781
0.0008378028869628906
0.0012772083282470703
0.0009701251983642578
0.0009942054748535156
0.0008909702301025391
0.0017709732055664062
0.0008158683776855469
0.0009467601776123047
0.0009348392486572266
0.0014388561248779297
0.0009679794311523438
0.0013530254364013672
0.0008089542388916016
0.0015070438385009766
0.0008709430694580078
0.0014140605926513672
0.00098419189453125
0.0008978843688964844
0.0008838176727294922
0.0012090206146240234
0.0010581016540527344
0.001168966293334961
0.0010368824005126953
0.0015308856964111328
0.0011599063873291016
0.0011832714080810547
0.0008890628814697266
0.0014929771423339844
0.0008020401000976562
0.0017001628875732422
0.0009279251098632812
0.0009143352508544922
0.0009469985961914062
0.0016930103302001953
0.0009551048278808594
0.00150299072265625
0.0008656978607177734
0.0012612342834472656
0.000888824462890625
0.0014510154724121094
0.0008521080017089844
0.0015769004821777344
0.0009999275207519531
0.0017080307006835938
0.0011167526245117188
0.0014450550079345703
0.0009999275207519531
0.0014820098876953125
0.0009479522705078125
0.0016961097717285156
0.0008649826049804688
0.0009219646453857422
0.0009021759033203125
0.0014719963073730469
0.0008001327514648438
0.0009207725524902344
0.0009107589721679688
0.0012900829315185547
0.0009710788726806641
0.0014562606811523438
0.0008261203765869141
0.0017328262329101562
0.0008871555328369141
0.0010869503021240234
0.0009400844573974609
0.0013761520385742188
0.0008821487426757812
0.0013780593872070312
0.0008819103240966797
0.0010972023010253906
0.0008680820465087891
0.0015988349914550781
0.0008280277252197266
0.001764059066772461
0.0008678436279296875
0.0011818408966064453
0.0009770393371582031
0.0015027523040771484
0.0009291172027587891
0.001756906509399414
0.0009698867797851562
0.0011038780212402344
0.0008649826049804688
0.0017850399017333984
0.0012111663818359375
0.0014619827270507812
0.0008699893951416016
0.0011839866638183594
0.0009639263153076172
0.0014598369598388672
0.0009229183197021484
0.0011429786682128906
0.000823974609375
0.001683950424194336
0.0008399486541748047
0.0009181499481201172
0.0008518695831298828
0.0015840530395507812
0.0008168220520019531
0.0012390613555908203
0.0009887218475341797
0.0017268657684326172
0.0008699893951416016
0.0015270709991455078
0.0008420944213867188
0.0015947818756103516
0.0008690357208251953
0.0012001991271972656
0.0009768009185791016
0.0014781951904296875
0.0012540817260742188
0.0011920928955078125
0.0008399486541748047
0.00145721435546875
0.0008401870727539062
0.0012061595916748047
0.0009071826934814453
0.001390695571899414
0.0010068416595458984
0.0014820098876953125
0.0008480548858642578
0.00148773193359375
0.0008289813995361328
0.0010879039764404297
0.0009250640869140625
0.0007669925689697266
0.0008530616760253906
0.0014300346374511719
0.0008530616760253906
0.0016770362854003906
0.0008471012115478516
0.0009701251983642578
0.0011608600616455078
0.001215219497680664
0.0011489391326904297
0.0012311935424804688
0.00086212158203125
0.0011551380157470703
0.0011110305786132812
0.0016438961029052734
0.0008828639984130859
0.0011980533599853516
0.000949859619140625
0.0012979507446289062
0.0013031959533691406
0.0017240047454833984
0.001409769058227539
0.0015230178833007812
0.00098419189453125
0.001458883285522461
0.001194000244140625
0.0008838176727294922
0.0009260177612304688
0.0015647411346435547
0.000926971435546875
0.0013561248779296875
0.0012249946594238281
0.0015048980712890625
0.0010151863098144531
0.0016851425170898438
0.0008530616760253906
0.0014910697937011719
0.0011210441589355469
0.00086212158203125
0.0010638236999511719
0.0014841556549072266
0.0010139942169189453
0.001209259033203125
0.0008409023284912109
0.0011229515075683594
0.0013399124145507812
0.0015301704406738281
0.0008831024169921875
0.0013670921325683594
0.000926971435546875
0.0010991096496582031
0.0011980533599853516
0.00150299072265625
0.0009069442749023438
0.0017061233520507812
0.0013759136199951172
0.001619100570678711
0.0008482933044433594
0.001499176025390625
0.0008339881896972656
0.001146078109741211
0.0009450912475585938
0.001668691635131836
0.0008909702301025391
0.0016303062438964844
0.0008928775787353516
0.0011889934539794922
0.0008640289306640625
0.0013451576232910156
0.0008409023284912109
0.0016388893127441406
0.0011470317840576172
0.0015521049499511719
0.0008192062377929688
0.0015439987182617188
0.0010941028594970703
0.0011878013610839844
0.0009531974792480469
0.0017237663269042969
0.0009508132934570312
0.0016379356384277344
0.0010449886322021484
0.0014851093292236328
0.0008709430694580078
0.001135110855102539
0.0012640953063964844
0.0012350082397460938
0.0010399818420410156
0.0013821125030517578
0.0009288787841796875
0.0015900135040283203
0.0008771419525146484
0.0014410018920898438
0.0008649826049804688
0.001216888427734375
0.0008921623229980469
0.0010938644409179688
0.0010111331939697266
0.0014891624450683594
0.0009579658508300781
0.0014638900756835938
0.0012900829315185547
0.0014920234680175781
0.0013849735260009766
0.0012280941009521484
0.0010988712310791016
0.0011060237884521484
0.0009622573852539062
0.0017101764678955078
0.0010089874267578125
0.001046895980834961
0.0017342567443847656
0.0014846324920654297
0.0009407997131347656
0.0015299320220947266
0.001190185546875
0.0011699199676513672
0.001425027847290039
0.0012941360473632812
0.0008649826049804688
0.0014488697052001953
0.0010559558868408203
0.0014090538024902344
0.0010099411010742188
0.00162506103515625
0.0011687278747558594
0.0015201568603515625
0.0008530616760253906
0.0014262199401855469
0.0009229183197021484
0.0017969608306884766
0.0011026859283447266
0.0015058517456054688
0.0008699893951416016
0.0015778541564941406
0.001168966293334961
0.0015840530395507812
0.0012159347534179688
0.0015430450439453125
0.0008478164672851562
0.0013301372528076172
0.0009248256683349609
0.0015139579772949219
0.0010182857513427734
0.0011219978332519531
0.0009481906890869141
0.0016498565673828125
0.0010139942169189453
0.0015990734100341797
0.0010440349578857422
0.0015680789947509766
0.0009541511535644531
0.0014719963073730469
0.0008020401000976562
0.001318216323852539
0.0008029937744140625
0.0011718273162841797
0.0009200572967529297
0.001107931137084961
0.00101470947265625
0.0017681121826171875
0.001024007797241211
0.0014760494232177734
0.001466989517211914
0.0010979175567626953
0.0008840560913085938
0.0009989738464355469
0.0007579326629638672
0.0016200542449951172
0.001466989517211914
0.001489877700805664
0.0011692047119140625
0.001708984375
0.0009109973907470703
0.0014960765838623047
0.001592874526977539
0.0008530616760253906
0.0007860660552978516
0.0008649826049804688
0.001081228256225586
0.0009222030639648438
0.000965118408203125
0.0008552074432373047
0.0009641647338867188
0.0015339851379394531
0.0008587837219238281
0.001508951187133789
0.0008738040924072266
0.0008440017700195312
0.0015392303466796875
0.0008568763732910156
0.001132965087890625
0.0009021759033203125
0.0010197162628173828
0.0007522106170654297
0.0008590221405029297
0.0008099079132080078
0.0008037090301513672
0.0007560253143310547
0.0008931159973144531
0.0008542537689208984
0.001132965087890625
0.0008311271667480469
0.0009729862213134766
0.0008511543273925781
0.0008561611175537109
0.000797271728515625
0.0009021759033203125
0.0007958412170410156
0.0008478164672851562
0.0008630752563476562
0.0011591911315917969
0.0009541511535644531
0.0009882450103759766
0.0007810592651367188
0.0009200572967529297
0.0009300708770751953
0.0008449554443359375
0.0007708072662353516
0.0008099079132080078
0.0008261203765869141
0.0008640289306640625
0.0009160041809082031
0.0008668899536132812
0.0008177757263183594
0.001056671142578125
0.0008020401000976562
0.000865936279296875
0.0008230209350585938
0.00086212158203125
0.0008127689361572266
0.0007700920104980469
0.0007588863372802734
0.0014598369598388672
0.0008289813995361328
0.0009038448333740234
0.0008082389831542969
0.0008652210235595703
0.0007810592651367188
0.0007522106170654297
0.0006520748138427734
0.0008766651153564453
0.0007970333099365234
0.0011219978332519531
0.0007159709930419922
0.0007920265197753906
0.0007090568542480469
0.0010328292846679688
0.0008969306945800781
0.0009300708770751953
0.0008008480072021484
0.000926971435546875
0.0007569789886474609
0.0009961128234863281
0.0007658004760742188
0.000843048095703125
0.0015480518341064453
0.0008618831634521484
0.0017230510711669922
0.0009229183197021484
0.001416921615600586
0.0008969306945800781
0.0014662742614746094
0.0012888908386230469
0.0016980171203613281
0.0011150836944580078
0.0015912055969238281
0.0015227794647216797
0.0017621517181396484
0.0009698867797851562
0.001439809799194336
0.0008337497711181641
0.0015592575073242188
0.0009109973907470703
0.0015380382537841797
0.0009281635284423828
0.001626729965209961
0.0008940696716308594
0.0009982585906982422
0.0008990764617919922
0.0017273426055908203
0.0011620521545410156
0.001191854476928711
0.0011827945709228516
0.0019309520721435547
0.001146078109741211
0.001155853271484375
0.0009207725524902344
0.0010807514190673828
0.0010478496551513672
0.0012927055358886719
0.0008168220520019531
0.0008628368377685547
0.0008237361907958984
0.0010700225830078125
0.0008080005645751953
0.0011768341064453125
0.001650094985961914
0.0014040470123291016
0.0008599758148193359
0.0015418529510498047
0.0008661746978759766
0.001338958740234375
0.0010018348693847656
0.0013592243194580078
0.0010190010070800781
0.0012159347534179688
0.0008368492126464844
0.0012888908386230469
0.0008280277252197266
0.0014719963073730469
0.0009551048278808594
0.001641988754272461
0.0011200904846191406
0.0008919239044189453
0.0007951259613037109
0.0010938644409179688
0.0008878707885742188
0.0009510517120361328
0.0008060932159423828
0.0011529922485351562
0.0007789134979248047
0.0017290115356445312
0.0008611679077148438
0.0014531612396240234
0.0011219978332519531
0.0008630752563476562
0.0009920597076416016
0.0010199546813964844
0.0007960796356201172
0.001363992691040039
0.0008540153503417969
0.0011260509490966797
0.0008640289306640625
0.0016376972198486328
0.0008399486541748047
0.0013620853424072266
0.0008897781372070312
0.0011761188507080078
0.0009229183197021484
0.0011248588562011719
0.0008029937744140625
0.0016040802001953125
0.0009679794311523438
0.0016629695892333984
0.0009500980377197266
0.0011951923370361328
0.0010211467742919922
0.0010266304016113281
0.0010671615600585938
0.0013051033020019531
0.0008819103240966797
0.0011630058288574219
0.0009019374847412109
0.0016870498657226562
0.0008518695831298828
0.0010828971862792969
0.0010292530059814453
0.0009467601776123047
0.0009350776672363281
0.0011241436004638672
0.0008897781372070312
0.0009109973907470703
0.0008139610290527344
0.0010952949523925781
0.0012211799621582031
0.0009999275207519531
0.0009801387786865234
0.0016939640045166016
0.0009789466857910156
0.0011320114135742188
0.0012810230255126953
0.0009169578552246094
0.0008909702301025391
0.0011680126190185547
0.0013651847839355469
0.0016570091247558594
0.0008440017700195312
0.0015377998352050781
0.0009248256683349609
0.0011610984802246094
0.0011188983917236328
0.0009517669677734375
0.000926971435546875
0.0010380744934082031
0.0011701583862304688
0.0017430782318115234
0.001138925552368164
0.0008368492126464844
0.0009860992431640625
0.0009930133819580078
0.0008392333984375
0.0009148120880126953
0.0009698867797851562
0.0008649826049804688
0.0012888908386230469
0.0009620189666748047
0.0011870861053466797
0.0011420249938964844
0.0012509822845458984
0.001627206802368164
0.00121307373046875
0.0010471343994140625
0.0010008811950683594
0.0007669925689697266
0.0013298988342285156
0.0012328624725341797
0.0012607574462890625
0.0016529560089111328
0.0009250640869140625
0.0016493797302246094
0.0008356571197509766
0.0009250640869140625
0.0011720657348632812
0.0014460086822509766
0.0011570453643798828
0.00115203857421875
0.0009129047393798828
0.0012471675872802734
0.0009531974792480469
0.0008928775787353516
0.0013527870178222656
0.0009281635284423828
0.0009629726409912109
0.0007810592651367188
0.0008878707885742188
0.0008890628814697266
0.0008039474487304688
0.0014541149139404297
0.0007989406585693359
0.0008609294891357422
0.0007908344268798828
0.0008740425109863281
0.0008740425109863281
0.0009491443634033203
0.0011987686157226562
0.0009100437164306641
0.0009081363677978516
0.0009510517120361328
0.001249074935913086
0.0008912086486816406
0.0009768009185791016
0.0008671283721923828
0.0009007453918457031
0.0008368492126464844
0.0007572174072265625
0.0007827281951904297
0.0008437633514404297
0.0008189678192138672
0.0008971691131591797
0.0010180473327636719
0.0010230541229248047
0.0010139942169189453
0.0010502338409423828
0.0008578300476074219
0.0009951591491699219
0.0008318424224853516
0.0008637905120849609
0.0009558200836181641
0.0008330345153808594
0.0008268356323242188
0.0008649826049804688
0.0007898807525634766
0.0009112358093261719
0.0009000301361083984
0.0011980533599853516
0.0009019374847412109
0.0008428096771240234
0.0008108615875244141
0.0008769035339355469
0.0008790493011474609
0.0008590221405029297
0.0006999969482421875
0.0008182525634765625
0.0009541511535644531
0.0008671283721923828
0.0008940696716308594
0.0010056495666503906
0.0007750988006591797
0.0008361339569091797
0.0007259845733642578
0.0014500617980957031
0.000978231430053711
0.001049041748046875
0.0008027553558349609
0.0009250640869140625
0.0007829666137695312
0.0010449886322021484
0.0008540153503417969
0.0008320808410644531
0.0013689994812011719
0.001050710678100586
0.0008151531219482422
0.0008780956268310547
0.000993967056274414
0.0009789466857910156
0.0012860298156738281
0.0010159015655517578
0.0008339881896972656
0.0012559890747070312
0.0008170604705810547
0.0012559890747070312
0.0010380744934082031
0.0012841224670410156
0.0008521080017089844
0.0011489391326904297
0.0009200572967529297
0.0009729862213134766
0.0009200572967529297
0.0011630058288574219
0.0009081363677978516
0.0009560585021972656
0.0009169578552246094
0.0008599758148193359
0.001125335693359375
0.0013167858123779297
0.0011310577392578125
0.0009400844573974609
0.0009381771087646484
0.0011811256408691406
0.0008511543273925781
0.0009050369262695312
0.0008480548858642578
0.0009038448333740234
0.0010061264038085938
0.0015151500701904297
0.0009348392486572266
0.0009000301361083984
0.000926971435546875
0.0011830329895019531
0.000843048095703125
0.0009398460388183594
0.0009491443634033203
0.0011789798736572266
0.0008609294891357422
0.00096893310546875
0.0009710788726806641
0.0009262561798095703
0.0009579658508300781
0.0009129047393798828
0.0008721351623535156
0.0011439323425292969
0.0010309219360351562
0.0011849403381347656
0.0009031295776367188
0.0011477470397949219
0.0009961128234863281
0.0014770030975341797
0.0009567737579345703
0.0011310577392578125
0.0009362697601318359
0.0008580684661865234
0.0011022090911865234
0.0008409023284912109
0.00086212158203125
0.0012180805206298828
0.0008521080017089844
0.0012869834899902344
0.0009188652038574219
0.0014030933380126953
0.0010340213775634766
0.0014739036560058594
0.0009028911590576172
0.0009188652038574219
0.0009100437164306641
0.0007801055908203125
0.0009241104125976562
0.0008540153503417969
0.0008029937744140625
0.0008769035339355469
0.0009579658508300781
0.0009601116180419922
0.0009558200836181641
0.00102996826171875
0.0012950897216796875
0.0007648468017578125
0.0009119510650634766
0.0007970333099365234
0.000942230224609375
0.000888824462890625
0.0007801055908203125
0.0008862018585205078
0.0008618831634521484
0.0007939338684082031
0.0009160041809082031
0.0008671283721923828
0.0007989406585693359
0.0008969306945800781
0.000843048095703125
0.0008442401885986328
0.0016930103302001953
0.0008108615875244141
0.0008649826049804688
0.0008921623229980469
0.0014569759368896484
0.0007898807525634766
0.0007891654968261719
0.0008656978607177734
0.0006105899810791016
0.0007448196411132812
0.0008502006530761719
0.0007507801055908203
0.0009360313415527344
0.0011050701141357422
0.0009279251098632812
0.0010802745819091797
0.0009019374847412109
0.0009050369262695312
0.0008170604705810547
0.0009188652038574219
0.0009829998016357422
0.0011126995086669922
0.0008678436279296875
0.0008220672607421875
0.001458883285522461
0.0009310245513916016
0.0008969306945800781
0.0009388923645019531
0.0009238719940185547
0.0011379718780517578
0.0009219646453857422
0.0009479522705078125
0.0011620521545410156
0.00152587890625
0.0011720657348632812
0.000949859619140625
0.0008907318115234375
0.001191854476928711
0.0009500980377197266
0.0012691020965576172
0.0009968280792236328
0.0008509159088134766
0.001165151596069336
0.0009505748748779297
0.0009641647338867188
0.0009510517120361328
0.0009379386901855469
0.0014431476593017578
0.0027120113372802734
0.0012149810791015625
0.0009272098541259766
0.0013060569763183594
0.0015320777893066406
0.0011370182037353516
0.0008769035339355469
0.0008661746978759766
0.0008111000061035156
0.0009179115295410156
0.0014400482177734375
0.0009601116180419922
0.0009288787841796875
0.0008821487426757812
0.0014469623565673828
0.0009028911590576172
0.0008471012115478516
0.0008208751678466797
0.0009069442749023438
0.0009448528289794922
0.0011420249938964844
0.0011839866638183594
0.0008528232574462891
0.0008831024169921875
0.0013403892517089844
0.0008032321929931641
0.0008587837219238281
0.0015010833740234375
0.0015227794647216797
0.0011489391326904297
0.0010750293731689453
0.0009291172027587891
0.0008590221405029297
0.0009732246398925781
0.0007989406585693359
0.0008130073547363281
0.0013089179992675781
0.0009670257568359375
0.0013699531555175781
0.0012850761413574219
0.0009429454803466797
0.0009088516235351562
0.0009260177612304688
0.0009529590606689453
0.0010900497436523438
0.0009710788726806641
0.0009288787841796875
0.0009589195251464844
0.0009291172027587891
0.0009510517120361328
0.0008809566497802734
0.0012106895446777344
0.0009949207305908203
0.0011699199676513672
0.0012431144714355469
0.001516103744506836
0.0008702278137207031
0.0011641979217529297
0.0009999275207519531
0.0017011165618896484
0.0016140937805175781
0.0016262531280517578
0.001352071762084961
0.0010120868682861328
0.0014410018920898438
0.0011546611785888672
0.0007538795471191406
0.0007560253143310547
0.0015299320220947266
0.0007600784301757812
0.0008599758148193359
0.001149892807006836
0.0011761188507080078
0.001157999038696289
0.0009021759033203125
0.0009298324584960938
0.0007989406585693359
0.0012128353118896484
0.0008449554443359375
0.0010628700256347656
0.0010380744934082031
0.0008881092071533203
0.0008940696716308594
0.001155853271484375
0.0012369155883789062
0.0009801387786865234
0.0008027553558349609
0.0008339881896972656
0.0010628700256347656
0.0007679462432861328
0.000885009765625
0.0008330345153808594
0.001383066177368164
0.0007791519165039062
0.0009043216705322266
0.0008420944213867188
0.001512289047241211
0.0009441375732421875
0.0007848739624023438
0.00096893310546875
0.0008301734924316406
0.0009121894836425781
0.0008552074432373047
0.0009989738464355469
0.0008540153503417969
0.00078582763671875
0.0008108615875244141
0.0008280277252197266
0.0013360977172851562
0.0009241104125976562
0.0009007453918457031
0.0008599758148193359
0.0010347366333007812
0.0009140968322753906
0.0008971691131591797
0.001238107681274414
0.0016429424285888672
0.0009579658508300781
0.0014116764068603516
0.0007889270782470703
0.0009641647338867188
0.0008482933044433594
0.0008540153503417969
0.0007801055908203125
0.0008771419525146484
0.0011451244354248047
0.001277923583984375
0.0009298324584960938
0.0009479522705078125
0.000904083251953125
0.0008661746978759766
0.001220703125
0.0007300376892089844
0.0007989406585693359
0.0009160041809082031
0.0009469985961914062
0.0009419918060302734
0.0008320808410644531
0.0008740425109863281
0.0012421607971191406
0.0008831024169921875
0.001154184341430664
0.0008459091186523438
0.0009150505065917969
0.0010650157928466797
0.0007688999176025391
0.0008308887481689453
0.0009839534759521484
0.0009927749633789062
0.0007910728454589844
0.0015749931335449219
0.0007967948913574219
0.0011332035064697266
0.0007510185241699219
0.0007998943328857422
0.0007579326629638672
0.0009989738464355469
0.0009140968322753906
0.0014331340789794922
0.0008990764617919922
0.0011191368103027344
0.0007889270782470703
0.0009438991546630859
0.0009801387786865234
0.0010280609130859375
0.0007889270782470703
0.0012819766998291016
0.0008373260498046875
0.0011222362518310547
0.0008089542388916016
0.0010528564453125
0.0009140968322753906
0.0017790794372558594
0.0008451938629150391
0.0008590221405029297
0.0008101463317871094
0.0008449554443359375
0.0009620189666748047
0.0008060932159423828
0.0009028911590576172
0.001199960708618164
0.0009038448333740234
0.0011477470397949219
0.0008020401000976562
0.0013580322265625
0.0009312629699707031
0.0013091564178466797
0.0009851455688476562
0.0008330345153808594
0.0011577606201171875
0.0011730194091796875
0.0009260177612304688
0.0011401176452636719
0.0008261203765869141
0.0008099079132080078
0.0009191036224365234
0.0010368824005126953
0.0008158683776855469
0.000885009765625
0.0015888214111328125
0.0012600421905517578
0.0009329319000244141
0.0008571147918701172
0.0009760856628417969
0.0008249282836914062
0.0009582042694091797
0.0014619827270507812
0.0008451938629150391
0.0009272098541259766
0.0008723735809326172
0.0014750957489013672
0.0009639263153076172
0.0012660026550292969
0.0008299350738525391
0.0009877681732177734
0.0008130073547363281
0.0009560585021972656
0.0009222030639648438
0.0014841556549072266
0.0007221698760986328
0.0008139610290527344
0.0012650489807128906
0.0009319782257080078
0.0009021759033203125
0.00080108642578125
0.0008139610290527344
0.0017049312591552734
0.0008471012115478516
0.0010428428649902344
0.0013439655303955078
0.0011892318725585938
0.0015521049499511719
0.0008778572082519531
0.0009622573852539062
0.0013761520385742188
0.0011668205261230469
0.0008928775787353516
0.0008118152618408203
0.0013151168823242188
0.0009829998016357422
0.0012309551239013672
0.0011870861053466797
0.00096893310546875
0.0008821487426757812
0.0015380382537841797
0.001194000244140625
0.0013239383697509766
0.0011680126190185547
0.0008738040924072266
0.0008418560028076172
0.0010259151458740234
0.0012400150299072266
0.0008380413055419922
0.0009920597076416016
0.0015730857849121094
0.0008738040924072266
0.0008258819580078125
0.001004934310913086
